0 0.173828125 0.61328125 0.1484375 0.09765625
0 0.6171875 0.7333984375 0.1806640625 0.14453125
0 0.28125 0.599609375 0.0478515625 0.083984375
0 0.8134765625 0.7392578125 0.0478515625 0.0810546875
0 0.34375 0.6005859375 0.0458984375 0.0859375
0 0.6591796875 0.603515625 0.0478515625 0.0869140625
0 0.408203125 0.6025390625 0.0458984375 0.08984375
0 0.7822265625 0.6083984375 0.0478515625 0.087890625
0 0.8427734375 0.6064453125 0.0419921875 0.087890625
0 0.71875 0.6064453125 0.046875 0.0888671875
0 0.595703125 0.6025390625 0.0478515625 0.087890625
0 0.2265625 0.7294921875 0.0439453125 0.0771484375
0 0.4697265625 0.6005859375 0.0439453125 0.083984375
0 0.162109375 0.7275390625 0.0439453125 0.0849609375
0 0.09765625 0.7294921875 0.04296875 0.087890625
0 0.5322265625 0.6025390625 0.0478515625 0.0859375
