0 0.619140625 0.5439453125 0.1787109375 0.1455078125
0 0.1767578125 0.42578125 0.1474609375 0.099609375
0 0.2841796875 0.4130859375 0.044921875 0.0908203125
0 0.4091796875 0.4140625 0.0458984375 0.087890625
0 0.3447265625 0.412109375 0.044921875 0.0888671875
0 0.8173828125 0.5478515625 0.0380859375 0.0703125
0 0.0986328125 0.5458984375 0.0439453125 0.0888671875
0 0.658203125 0.4140625 0.0458984375 0.091796875
0 0.8447265625 0.4140625 0.0458984375 0.0849609375
0 0.783203125 0.4150390625 0.044921875 0.0859375
0 0.1650390625 0.546875 0.0439453125 0.0869140625
0 0.720703125 0.4150390625 0.046875 0.08984375
0 0.595703125 0.4130859375 0.0458984375 0.087890625
0 0.228515625 0.5419921875 0.03125 0.0615234375
0 0.4716796875 0.4130859375 0.0458984375 0.087890625
0 0.5341796875 0.4140625 0.04296875 0.087890625
