0 0.4560546875 0.619140625 0.1455078125 0.1787109375
0 0.57421875 0.1767578125 0.099609375 0.1474609375
0 0.5869140625 0.2841796875 0.0908203125 0.044921875
0 0.5859375 0.4091796875 0.087890625 0.0458984375
0 0.587890625 0.3447265625 0.0888671875 0.044921875
0 0.4521484375 0.8173828125 0.0703125 0.0380859375
0 0.4541015625 0.0986328125 0.0888671875 0.0439453125
0 0.5859375 0.658203125 0.091796875 0.0458984375
0 0.5859375 0.8447265625 0.0849609375 0.0458984375
0 0.5849609375 0.783203125 0.0859375 0.044921875
0 0.453125 0.1650390625 0.0869140625 0.0439453125
0 0.5849609375 0.720703125 0.08984375 0.046875
0 0.5869140625 0.595703125 0.087890625 0.0458984375
0 0.4580078125 0.228515625 0.0615234375 0.03125
0 0.5869140625 0.4716796875 0.087890625 0.0458984375
0 0.5859375 0.5341796875 0.087890625 0.04296875
