0 0.654296875 0.1865234375 0.09765625 0.150390625
0 0.533203125 0.625 0.1474609375 0.18359375
0 0.52734375 0.826171875 0.07421875 0.0361328125
0 0.5380859375 0.1767578125 0.0888671875 0.0439453125
0 0.5380859375 0.23828125 0.0751953125 0.0400390625
0 0.6611328125 0.794921875 0.0888671875 0.044921875
0 0.66015625 0.8564453125 0.087890625 0.0458984375
0 0.541015625 0.111328125 0.0869140625 0.0478515625
0 0.6630859375 0.732421875 0.0869140625 0.0458984375
0 0.6650390625 0.607421875 0.0888671875 0.046875
0 0.66796875 0.357421875 0.087890625 0.04296875
0 0.662109375 0.669921875 0.087890625 0.0439453125
0 0.66796875 0.2958984375 0.0859375 0.044921875
0 0.6650390625 0.544921875 0.087890625 0.044921875
0 0.66796875 0.419921875 0.087890625 0.0439453125
0 0.666015625 0.4814453125 0.08984375 0.046875
