0 0.8134765625 0.654296875 0.150390625 0.09765625
0 0.375 0.533203125 0.18359375 0.1474609375
0 0.173828125 0.52734375 0.0361328125 0.07421875
0 0.8232421875 0.5380859375 0.0439453125 0.0888671875
0 0.76171875 0.5380859375 0.0400390625 0.0751953125
0 0.205078125 0.6611328125 0.044921875 0.0888671875
0 0.1435546875 0.66015625 0.0458984375 0.087890625
0 0.888671875 0.541015625 0.0478515625 0.0869140625
0 0.267578125 0.6630859375 0.0458984375 0.0869140625
0 0.392578125 0.6650390625 0.046875 0.0888671875
0 0.642578125 0.66796875 0.04296875 0.087890625
0 0.330078125 0.662109375 0.0439453125 0.087890625
0 0.7041015625 0.66796875 0.044921875 0.0859375
0 0.455078125 0.6650390625 0.044921875 0.087890625
0 0.580078125 0.66796875 0.0439453125 0.087890625
0 0.5185546875 0.666015625 0.046875 0.08984375
