0 0.515625 0.1796875 0.095703125 0.1494140625
0 0.40234375 0.6220703125 0.1435546875 0.185546875
0 0.396484375 0.1064453125 0.0849609375 0.0458984375
0 0.400390625 0.2353515625 0.0771484375 0.04296875
0 0.4013671875 0.8232421875 0.072265625 0.037109375
0 0.3974609375 0.1748046875 0.0849609375 0.0458984375
0 0.533203125 0.6005859375 0.0888671875 0.046875
0 0.5341796875 0.7880859375 0.08984375 0.046875
0 0.53515625 0.7265625 0.0908203125 0.048828125
0 0.53515625 0.8505859375 0.08984375 0.046875
0 0.533203125 0.6640625 0.08984375 0.044921875
0 0.53125 0.287109375 0.0888671875 0.0478515625
0 0.53125 0.3505859375 0.08984375 0.0458984375
0 0.5322265625 0.4755859375 0.0888671875 0.046875
0 0.5322265625 0.4130859375 0.0888671875 0.0458984375
0 0.5322265625 0.5380859375 0.0888671875 0.0478515625
