0 0.8203125 0.515625 0.1494140625 0.095703125
0 0.3779296875 0.40234375 0.185546875 0.1435546875
0 0.8935546875 0.396484375 0.0458984375 0.0849609375
0 0.7646484375 0.400390625 0.04296875 0.0771484375
0 0.1767578125 0.4013671875 0.037109375 0.072265625
0 0.8251953125 0.3974609375 0.0458984375 0.0849609375
0 0.3994140625 0.533203125 0.046875 0.0888671875
0 0.2119140625 0.5341796875 0.046875 0.08984375
0 0.2734375 0.53515625 0.048828125 0.0908203125
0 0.1494140625 0.53515625 0.046875 0.08984375
0 0.3359375 0.533203125 0.044921875 0.08984375
0 0.712890625 0.53125 0.0478515625 0.0888671875
0 0.6494140625 0.53125 0.0458984375 0.08984375
0 0.5244140625 0.5322265625 0.046875 0.0888671875
0 0.5869140625 0.5322265625 0.0458984375 0.0888671875
0 0.4619140625 0.5322265625 0.0478515625 0.0888671875
