0 0.484375 0.8203125 0.095703125 0.1494140625
0 0.59765625 0.3779296875 0.1435546875 0.185546875
0 0.603515625 0.8935546875 0.0849609375 0.0458984375
0 0.599609375 0.7646484375 0.0771484375 0.04296875
0 0.5986328125 0.1767578125 0.072265625 0.037109375
0 0.6025390625 0.8251953125 0.0849609375 0.0458984375
0 0.466796875 0.3994140625 0.0888671875 0.046875
0 0.4658203125 0.2119140625 0.08984375 0.046875
0 0.46484375 0.2734375 0.0908203125 0.048828125
0 0.46484375 0.1494140625 0.08984375 0.046875
0 0.466796875 0.3359375 0.08984375 0.044921875
0 0.46875 0.712890625 0.0888671875 0.0478515625
0 0.46875 0.6494140625 0.08984375 0.0458984375
0 0.4677734375 0.5244140625 0.0888671875 0.046875
0 0.4677734375 0.5869140625 0.0888671875 0.0458984375
0 0.4677734375 0.4619140625 0.0888671875 0.0478515625
