0 0.8828125 0.328125 0.0458984375 0.083984375
0 0.3681640625 0.3330078125 0.181640625 0.14453125
0 0.1669921875 0.3330078125 0.037109375 0.07421875
0 0.80859375 0.4462890625 0.1474609375 0.0966796875
0 0.755859375 0.33203125 0.041015625 0.0751953125
0 0.8154296875 0.3291015625 0.0458984375 0.0859375
0 0.5146484375 0.4638671875 0.0439453125 0.0869140625
0 0.201171875 0.4658203125 0.046875 0.0859375
0 0.701171875 0.4619140625 0.0458984375 0.0888671875
0 0.638671875 0.462890625 0.0458984375 0.0869140625
0 0.3896484375 0.46484375 0.0458984375 0.0888671875
0 0.1376953125 0.466796875 0.046875 0.0888671875
0 0.326171875 0.46484375 0.0458984375 0.0869140625
0 0.5771484375 0.4619140625 0.0458984375 0.0888671875
0 0.451171875 0.4638671875 0.0458984375 0.0888671875
0 0.2646484375 0.46484375 0.0458984375 0.087890625
