0 0.2578125 0.580078125 0.046875 0.0869140625
0 0.9384765625 0.447265625 0.0458984375 0.080078125
0 0.42578125 0.4501953125 0.18359375 0.1455078125
0 0.86328125 0.564453125 0.1474609375 0.09765625
0 0.1953125 0.5791015625 0.044921875 0.0859375
0 0.224609375 0.447265625 0.03515625 0.0732421875
0 0.87109375 0.4453125 0.0439453125 0.0810546875
0 0.755859375 0.5791015625 0.044921875 0.0859375
0 0.6953125 0.580078125 0.044921875 0.0888671875
0 0.3212890625 0.580078125 0.044921875 0.0849609375
0 0.810546875 0.4482421875 0.0400390625 0.0771484375
0 0.3828125 0.5810546875 0.0458984375 0.087890625
0 0.5693359375 0.580078125 0.044921875 0.0859375
0 0.630859375 0.580078125 0.044921875 0.0869140625
0 0.5078125 0.5810546875 0.0458984375 0.0869140625
0 0.4453125 0.5810546875 0.0458984375 0.0888671875
