0 0.623046875 0.3603515625 0.1474609375 0.185546875
0 0.5048828125 0.802734375 0.09765625 0.1484375
0 0.62109375 0.8759765625 0.0888671875 0.046875
0 0.6259765625 0.16015625 0.072265625 0.0341796875
0 0.490234375 0.130859375 0.0888671875 0.0458984375
0 0.62109375 0.75 0.076171875 0.037109375
0 0.6201171875 0.8095703125 0.0869140625 0.044921875
0 0.4892578125 0.693359375 0.0888671875 0.046875
0 0.490234375 0.6318359375 0.0888671875 0.046875
0 0.4921875 0.1923828125 0.0869140625 0.0478515625
0 0.4912109375 0.2568359375 0.0869140625 0.046875
0 0.490234375 0.568359375 0.087890625 0.0458984375
0 0.4912109375 0.505859375 0.0888671875 0.0458984375
0 0.4912109375 0.443359375 0.0869140625 0.0458984375
0 0.490234375 0.380859375 0.0908203125 0.044921875
0 0.4912109375 0.3193359375 0.0859375 0.0439453125
