0 0.3603515625 0.376953125 0.185546875 0.1474609375
0 0.802734375 0.4951171875 0.1484375 0.09765625
0 0.8759765625 0.37890625 0.046875 0.0888671875
0 0.16015625 0.3740234375 0.0341796875 0.072265625
0 0.130859375 0.509765625 0.0458984375 0.0888671875
0 0.75 0.37890625 0.037109375 0.076171875
0 0.8095703125 0.3798828125 0.044921875 0.0869140625
0 0.693359375 0.5107421875 0.046875 0.0888671875
0 0.6318359375 0.509765625 0.046875 0.0888671875
0 0.1923828125 0.5078125 0.0478515625 0.0869140625
0 0.2568359375 0.5087890625 0.046875 0.0869140625
0 0.568359375 0.509765625 0.0458984375 0.087890625
0 0.505859375 0.5087890625 0.0458984375 0.0888671875
0 0.443359375 0.5087890625 0.0458984375 0.0869140625
0 0.380859375 0.509765625 0.044921875 0.0908203125
0 0.3193359375 0.5087890625 0.0439453125 0.0859375
