0 0.736328125 0.36328125 0.1455078125 0.1845703125
0 0.607421875 0.1962890625 0.0859375 0.0458984375
0 0.623046875 0.802734375 0.09765625 0.1455078125
0 0.7392578125 0.8759765625 0.08203125 0.044921875
0 0.607421875 0.1337890625 0.083984375 0.044921875
0 0.7392578125 0.162109375 0.072265625 0.03515625
0 0.740234375 0.8095703125 0.0810546875 0.0439453125
0 0.6064453125 0.6318359375 0.0849609375 0.044921875
0 0.6064453125 0.6943359375 0.0849609375 0.0458984375
0 0.6083984375 0.259765625 0.0869140625 0.0458984375
0 0.7392578125 0.7490234375 0.0771484375 0.0390625
0 0.607421875 0.3203125 0.0859375 0.0478515625
0 0.607421875 0.5068359375 0.0859375 0.046875
0 0.6083984375 0.568359375 0.0859375 0.044921875
0 0.6083984375 0.4443359375 0.08203125 0.0458984375
0 0.6083984375 0.3837890625 0.0859375 0.044921875
