0 0.8837890625 0.328125 0.0439453125 0.08203125
0 0.3681640625 0.3330078125 0.1826171875 0.1455078125
0 0.8095703125 0.4453125 0.1474609375 0.0966796875
0 0.81640625 0.328125 0.0439453125 0.0830078125
0 0.166015625 0.3330078125 0.0341796875 0.0693359375
0 0.3896484375 0.46484375 0.044921875 0.0869140625
0 0.7568359375 0.330078125 0.0390625 0.0751953125
0 0.3251953125 0.46484375 0.0478515625 0.0869140625
0 0.265625 0.4658203125 0.04296875 0.0888671875
0 0.2021484375 0.4658203125 0.0439453125 0.0869140625
0 0.5771484375 0.4638671875 0.041015625 0.0869140625
0 0.1396484375 0.466796875 0.0419921875 0.083984375
0 0.4521484375 0.462890625 0.0439453125 0.087890625
0 0.640625 0.462890625 0.044921875 0.0888671875
0 0.5146484375 0.462890625 0.0419921875 0.08203125
0 0.7001953125 0.4599609375 0.044921875 0.087890625
