0 0.3662109375 0.78125 0.09765625 0.1435546875
0 0.478515625 0.3427734375 0.1435546875 0.1845703125
0 0.478515625 0.1416015625 0.0791015625 0.037109375
0 0.34765625 0.1142578125 0.0908203125 0.048828125
0 0.349609375 0.673828125 0.0888671875 0.046875
0 0.3466796875 0.1767578125 0.0888671875 0.0458984375
0 0.349609375 0.5478515625 0.0888671875 0.0478515625
0 0.482421875 0.8544921875 0.0888671875 0.048828125
0 0.3486328125 0.23828125 0.0888671875 0.0478515625
0 0.482421875 0.7890625 0.0888671875 0.0458984375
0 0.349609375 0.611328125 0.0888671875 0.0458984375
0 0.3486328125 0.4873046875 0.0888671875 0.046875
0 0.48046875 0.73046875 0.0791015625 0.041015625
0 0.3486328125 0.2998046875 0.0927734375 0.0458984375
0 0.3486328125 0.4248046875 0.0869140625 0.0498046875
0 0.34765625 0.36328125 0.08984375 0.0478515625
