0 0.78125 0.6337890625 0.1435546875 0.09765625
0 0.3427734375 0.521484375 0.1845703125 0.1435546875
0 0.1416015625 0.521484375 0.037109375 0.0791015625
0 0.1142578125 0.65234375 0.048828125 0.0908203125
0 0.673828125 0.650390625 0.046875 0.0888671875
0 0.1767578125 0.6533203125 0.0458984375 0.0888671875
0 0.5478515625 0.650390625 0.0478515625 0.0888671875
0 0.8544921875 0.517578125 0.048828125 0.0888671875
0 0.23828125 0.6513671875 0.0478515625 0.0888671875
0 0.7890625 0.517578125 0.0458984375 0.0888671875
0 0.611328125 0.650390625 0.0458984375 0.0888671875
0 0.4873046875 0.6513671875 0.046875 0.0888671875
0 0.73046875 0.51953125 0.041015625 0.0791015625
0 0.2998046875 0.6513671875 0.0458984375 0.0927734375
0 0.4248046875 0.6513671875 0.0498046875 0.0869140625
0 0.36328125 0.65234375 0.0478515625 0.08984375
