0 0.197265625 0.5009765625 0.1416015625 0.09765625
0 0.63671875 0.615234375 0.1826171875 0.1435546875
0 0.6796875 0.4833984375 0.0498046875 0.0888671875
0 0.865234375 0.484375 0.0498046875 0.0888671875
0 0.8369140625 0.615234375 0.0498046875 0.0888671875
0 0.3056640625 0.484375 0.0458984375 0.0888671875
0 0.556640625 0.484375 0.048828125 0.0888671875
0 0.7412109375 0.4853515625 0.0478515625 0.0888671875
0 0.6171875 0.484375 0.0478515625 0.08984375
0 0.3701171875 0.484375 0.0458984375 0.0859375
0 0.431640625 0.486328125 0.0458984375 0.0859375
0 0.8046875 0.484375 0.044921875 0.0908203125
0 0.4931640625 0.484375 0.0439453125 0.0869140625
0 0.1220703125 0.6162109375 0.0458984375 0.0810546875
0 0.1904296875 0.6181640625 0.044921875 0.0791015625
0 0.25 0.6162109375 0.0361328125 0.07421875
