0 0.802734375 0.4990234375 0.1416015625 0.09765625
0 0.36328125 0.384765625 0.1826171875 0.1435546875
0 0.3203125 0.5166015625 0.0498046875 0.0888671875
0 0.134765625 0.515625 0.0498046875 0.0888671875
0 0.1630859375 0.384765625 0.0498046875 0.0888671875
0 0.6943359375 0.515625 0.0458984375 0.0888671875
0 0.443359375 0.515625 0.048828125 0.0888671875
0 0.2587890625 0.5146484375 0.0478515625 0.0888671875
0 0.3828125 0.515625 0.0478515625 0.08984375
0 0.6298828125 0.515625 0.0458984375 0.0859375
0 0.568359375 0.513671875 0.0458984375 0.0859375
0 0.1953125 0.515625 0.044921875 0.0908203125
0 0.5068359375 0.515625 0.0439453125 0.0869140625
0 0.8779296875 0.3837890625 0.0458984375 0.0810546875
0 0.8095703125 0.3818359375 0.044921875 0.0791015625
0 0.75 0.3837890625 0.0361328125 0.07421875
