0 0.3447265625 0.162109375 0.08984375 0.0478515625
0 0.36328125 0.8291015625 0.0947265625 0.1416015625
0 0.4755859375 0.3916015625 0.1435546875 0.185546875
0 0.3447265625 0.224609375 0.08984375 0.0478515625
0 0.3486328125 0.720703125 0.08984375 0.0498046875
0 0.482421875 0.900390625 0.0908203125 0.046875
0 0.4775390625 0.189453125 0.0791015625 0.0361328125
0 0.4814453125 0.8369140625 0.0859375 0.046875
0 0.345703125 0.2861328125 0.0888671875 0.0478515625
0 0.3466796875 0.5966796875 0.0888671875 0.0478515625
0 0.34765625 0.658203125 0.0888671875 0.046875
0 0.3466796875 0.4716796875 0.0888671875 0.046875
0 0.3466796875 0.53515625 0.08984375 0.0478515625
0 0.345703125 0.34765625 0.08984375 0.0458984375
0 0.3447265625 0.4111328125 0.0888671875 0.048828125
0 0.48046875 0.77734375 0.0810546875 0.044921875
