0 0.4091796875 0.82421875 0.0986328125 0.1474609375
0 0.38671875 0.2197265625 0.0888671875 0.0458984375
0 0.51953125 0.3837890625 0.14453125 0.1845703125
0 0.38671875 0.158203125 0.087890625 0.0458984375
0 0.525390625 0.8984375 0.0908203125 0.0458984375
0 0.525390625 0.8310546875 0.0888671875 0.046875
0 0.38671875 0.28125 0.08984375 0.0478515625
0 0.390625 0.5927734375 0.087890625 0.0458984375
0 0.525390625 0.7705078125 0.0751953125 0.0380859375
0 0.5185546875 0.1845703125 0.0732421875 0.03515625
0 0.3916015625 0.716796875 0.08984375 0.0458984375
0 0.390625 0.6552734375 0.0888671875 0.048828125
0 0.388671875 0.4677734375 0.0859375 0.0458984375
0 0.3896484375 0.53125 0.087890625 0.0458984375
0 0.3876953125 0.3447265625 0.087890625 0.0458984375
0 0.388671875 0.4052734375 0.0869140625 0.0478515625
