1 0.2607421875 0.591796875 0.0439453125 0.080078125
1 0.2099609375 0.478515625 0.146484375 0.103515625
1 0.8466796875 0.591796875 0.048828125 0.0859375
1 0.1328125 0.59375 0.0537109375 0.091796875
1 0.6904296875 0.4619140625 0.0537109375 0.0908203125
1 0.2001953125 0.59375 0.0546875 0.091796875
1 0.626953125 0.4619140625 0.0546875 0.08984375
1 0.37890625 0.4619140625 0.0537109375 0.08984375
1 0.501953125 0.462890625 0.052734375 0.0888671875
1 0.31640625 0.462890625 0.0517578125 0.0908203125
1 0.751953125 0.4619140625 0.0537109375 0.0908203125
1 0.44140625 0.462890625 0.0517578125 0.0888671875
1 0.6494140625 0.58984375 0.1865234375 0.1533203125
1 0.8154296875 0.4619140625 0.0537109375 0.0888671875
1 0.56640625 0.4619140625 0.0537109375 0.091796875
1 0.8759765625 0.4619140625 0.04296875 0.080078125
