0 0.734375 0.4228515625 0.044921875 0.087890625
0 0.8427734375 0.412109375 0.146484375 0.099609375
0 0.40234375 0.2880859375 0.177734375 0.1435546875
0 0.673828125 0.4228515625 0.044921875 0.087890625
0 0.205078125 0.283203125 0.0380859375 0.0712890625
0 0.609375 0.421875 0.04296875 0.083984375
0 0.791015625 0.296875 0.03125 0.0625
0 0.173828125 0.4140625 0.04296875 0.0869140625
0 0.2353515625 0.4140625 0.0439453125 0.087890625
0 0.423828125 0.419921875 0.044921875 0.0869140625
0 0.8525390625 0.2939453125 0.0478515625 0.0888671875
0 0.5478515625 0.4228515625 0.04296875 0.0859375
0 0.919921875 0.2958984375 0.044921875 0.087890625
0 0.2978515625 0.4169921875 0.0478515625 0.0859375
0 0.484375 0.419921875 0.0458984375 0.0859375
0 0.359375 0.41796875 0.0419921875 0.0869140625
