0 0.1748046875 0.267578125 0.0458984375 0.0810546875
0 0.2314453125 0.2666015625 0.0400390625 0.0810546875
0 0.2880859375 0.267578125 0.04296875 0.0810546875
0 0.345703125 0.2666015625 0.04296875 0.0791015625
0 0.4033203125 0.265625 0.041015625 0.080078125
0 0.4609375 0.2666015625 0.0419921875 0.080078125
0 0.51953125 0.265625 0.04296875 0.0810546875
0 0.5771484375 0.265625 0.04296875 0.0810546875
0 0.6357421875 0.265625 0.044921875 0.08203125
0 0.69140625 0.265625 0.04296875 0.080078125
0 0.6875 0.5859375 0.0419921875 0.0810546875
0 0.630859375 0.5869140625 0.04296875 0.0849609375
0 0.572265625 0.5869140625 0.0439453125 0.0830078125
0 0.5146484375 0.587890625 0.044921875 0.0859375
0 0.4560546875 0.587890625 0.0458984375 0.083984375
0 0.3994140625 0.58984375 0.0439453125 0.0849609375
0 0.341796875 0.5888671875 0.0458984375 0.0810546875
0 0.2841796875 0.5888671875 0.0419921875 0.0849609375
0 0.2265625 0.58984375 0.04296875 0.0830078125
0 0.1689453125 0.5908203125 0.04296875 0.0849609375
0 0.740234375 0.4658203125 0.0390625 0.0751953125
0 0.794921875 0.462890625 0.0439453125 0.08203125
0 0.85546875 0.462890625 0.044921875 0.083984375
0 0.7880859375 0.57421875 0.1318359375 0.0966796875
0 0.79296875 0.2490234375 0.1474609375 0.0947265625
0 0.37890625 0.4658203125 0.173828125 0.1376953125
0 0.193359375 0.46875 0.041015625 0.080078125
0 0.740234375 0.1533203125 0.041015625 0.0576171875
0 0.7998046875 0.1533203125 0.048828125 0.056640625
0 0.861328125 0.154296875 0.0458984375 0.05859375
0 0.1962890625 0.15234375 0.0361328125 0.0546875
0 0.3828125 0.169921875 0.181640625 0.0908203125
