1 0.1552734375 0.337890625 0.0498046875 0.08984375
1 0.21875 0.337890625 0.052734375 0.0849609375
1 0.3232421875 0.2119140625 0.0478515625 0.0849609375
1 0.380859375 0.212890625 0.048828125 0.0849609375
1 0.439453125 0.208984375 0.0478515625 0.0869140625
1 0.4970703125 0.2109375 0.048828125 0.0849609375
1 0.5546875 0.2080078125 0.044921875 0.0830078125
1 0.611328125 0.208984375 0.0458984375 0.0859375
1 0.6708984375 0.2099609375 0.046875 0.0849609375
1 0.7294921875 0.20703125 0.048828125 0.0859375
1 0.78515625 0.20703125 0.05078125 0.0859375
1 0.8427734375 0.2060546875 0.048828125 0.083984375
1 0.8173828125 0.3291015625 0.0380859375 0.07421875
1 0.6357421875 0.330078125 0.1767578125 0.1376953125
1 0.224609375 0.2265625 0.1328125 0.0947265625
1 0.2744140625 0.333984375 0.041015625 0.072265625
0 0.62890625 0.33203125 0.1708984375 0.048828125
