1 0.359375 0.1435546875 0.095703125 0.0361328125
1 0.361328125 0.1982421875 0.095703125 0.0439453125
1 0.3623046875 0.2529296875 0.0888671875 0.0390625
1 0.365234375 0.3125 0.0888671875 0.044921875
1 0.3681640625 0.3701171875 0.0888671875 0.044921875
1 0.369140625 0.4287109375 0.0888671875 0.044921875
1 0.373046875 0.4853515625 0.087890625 0.0458984375
1 0.3759765625 0.5419921875 0.08984375 0.04296875
1 0.3779296875 0.6015625 0.0830078125 0.041015625
1 0.5068359375 0.703125 0.0869140625 0.0390625
1 0.5078125 0.7626953125 0.08984375 0.044921875
1 0.6787109375 0.1376953125 0.1005859375 0.025390625
1 0.68359375 0.1845703125 0.0869140625 0.0458984375
1 0.685546875 0.2431640625 0.087890625 0.044921875
1 0.6875 0.2998046875 0.083984375 0.04296875
1 0.69140625 0.357421875 0.08203125 0.0439453125
1 0.6962890625 0.4140625 0.087890625 0.0439453125
1 0.697265625 0.4736328125 0.0888671875 0.044921875
1 0.6982421875 0.529296875 0.083984375 0.0419921875
1 0.7021484375 0.5888671875 0.083984375 0.0517578125
1 0.8291015625 0.6904296875 0.0849609375 0.0439453125
1 0.8310546875 0.7509765625 0.0859375 0.046875
1 0.4873046875 0.2880859375 0.142578125 0.173828125
1 0.396484375 0.6962890625 0.0869140625 0.1337890625
1 0.5009765625 0.64453125 0.0751953125 0.041015625
1 0.822265625 0.6337890625 0.072265625 0.03515625
1 0.806640625 0.2744140625 0.134765625 0.1748046875
1 0.71875 0.685546875 0.08984375 0.130859375
