0 0.2421875 0.5908203125 0.0478515625 0.091796875
0 0.3046875 0.591796875 0.046875 0.0927734375
0 0.3662109375 0.5908203125 0.048828125 0.0888671875
0 0.490234375 0.591796875 0.0458984375 0.0888671875
0 0.615234375 0.591796875 0.0498046875 0.0908203125
0 0.240234375 0.2451171875 0.0478515625 0.0888671875
0 0.365234375 0.244140625 0.046875 0.087890625
0 0.302734375 0.244140625 0.0478515625 0.0869140625
0 0.61328125 0.2431640625 0.048828125 0.08984375
0 0.427734375 0.5927734375 0.05078125 0.091796875
0 0.7998046875 0.58984375 0.046875 0.08984375
0 0.552734375 0.244140625 0.046875 0.0908203125
0 0.1259765625 0.7236328125 0.0478515625 0.0908203125
0 0.552734375 0.58984375 0.046875 0.0888671875
0 0.1259765625 0.3759765625 0.0478515625 0.08984375
0 0.7373046875 0.2451171875 0.0498046875 0.0888671875
0 0.0615234375 0.3759765625 0.0478515625 0.087890625
0 0.0595703125 0.7216796875 0.048828125 0.08984375
0 0.798828125 0.2451171875 0.046875 0.0869140625
0 0.490234375 0.244140625 0.0458984375 0.087890625
0 0.4267578125 0.244140625 0.046875 0.087890625
0 0.7373046875 0.5908203125 0.0478515625 0.087890625
0 0.1875 0.375 0.0390625 0.080078125
0 0.1865234375 0.72265625 0.0390625 0.080078125
0 0.6748046875 0.24609375 0.0458984375 0.0908203125
0 0.7724609375 0.376953125 0.0380859375 0.07421875
0 0.5732421875 0.3720703125 0.181640625 0.15234375
0 0.1337890625 0.2568359375 0.1435546875 0.103515625
0 0.1357421875 0.6025390625 0.14453125 0.1015625
0 0.6767578125 0.591796875 0.048828125 0.0908203125
0 0.771484375 0.72265625 0.0390625 0.078125
0 0.5751953125 0.7197265625 0.1767578125 0.14453125
