1 0.146484375 0.869140625 0.0400390625 0.083984375
1 0.2021484375 0.87109375 0.0439453125 0.0830078125
1 0.2607421875 0.87109375 0.0458984375 0.0810546875
1 0.31640625 0.87109375 0.0458984375 0.083984375
1 0.375 0.873046875 0.0458984375 0.0849609375
1 0.431640625 0.873046875 0.044921875 0.08203125
1 0.490234375 0.8740234375 0.0458984375 0.0830078125
1 0.546875 0.875 0.0439453125 0.08203125
1 0.6044921875 0.8740234375 0.0439453125 0.0849609375
1 0.6611328125 0.875 0.0458984375 0.0830078125
1 0.1708984375 0.748046875 0.041015625 0.080078125
1 0.357421875 0.7509765625 0.1708984375 0.138671875
1 0.7158203125 0.7548828125 0.041015625 0.078125
1 0.7705078125 0.75390625 0.0439453125 0.0849609375
1 0.8330078125 0.7548828125 0.048828125 0.083984375
1 0.759765625 0.861328125 0.1318359375 0.0869140625
0 0.1474609375 0.55078125 0.044921875 0.08203125
0 0.205078125 0.5498046875 0.04296875 0.0830078125
0 0.263671875 0.5517578125 0.04296875 0.083984375
0 0.3203125 0.5517578125 0.04296875 0.08203125
0 0.3798828125 0.552734375 0.046875 0.0830078125
0 0.435546875 0.5517578125 0.046875 0.0830078125
0 0.494140625 0.5517578125 0.0458984375 0.080078125
0 0.552734375 0.5537109375 0.0439453125 0.08203125
0 0.6103515625 0.552734375 0.04296875 0.080078125
0 0.6669921875 0.552734375 0.0419921875 0.078125
0 0.17578125 0.427734375 0.041015625 0.0810546875
0 0.359375 0.4306640625 0.17578125 0.134765625
0 0.767578125 0.5390625 0.140625 0.09375
0 0.7177734375 0.43359375 0.041015625 0.0908203125
0 0.7744140625 0.431640625 0.041015625 0.0791015625
0 0.8369140625 0.4326171875 0.0419921875 0.078125
1 0.1611328125 0.224609375 0.044921875 0.0810546875
1 0.21875 0.2275390625 0.046875 0.0830078125
1 0.27734375 0.2265625 0.04296875 0.0849609375
1 0.3349609375 0.228515625 0.04296875 0.0810546875
1 0.3916015625 0.2294921875 0.0439453125 0.0771484375
1 0.4501953125 0.228515625 0.0439453125 0.0791015625
1 0.5078125 0.2314453125 0.044921875 0.08203125
1 0.564453125 0.2314453125 0.0419921875 0.080078125
1 0.623046875 0.232421875 0.0419921875 0.08203125
1 0.6806640625 0.234375 0.0439453125 0.08203125
1 0.7890625 0.115234375 0.0458984375 0.0830078125
1 0.8505859375 0.115234375 0.0419921875 0.083984375
1 0.7783203125 0.21875 0.134765625 0.0869140625
1 0.3759765625 0.1103515625 0.1748046875 0.12890625
1 0.1904296875 0.1025390625 0.046875 0.0791015625
1 0.7314453125 0.1171875 0.041015625 0.0791015625
