0 0.2626953125 0.6494140625 0.1337890625 0.087890625
0 0.6806640625 0.7353515625 0.1787109375 0.1357421875
1 0.8671875 0.732421875 0.0517578125 0.07421875
1 0.3193359375 0.7568359375 0.0458984375 0.07421875
1 0.26171875 0.763671875 0.0546875 0.0849609375
1 0.2021484375 0.767578125 0.0537109375 0.0859375
1 0.8896484375 0.607421875 0.0537109375 0.087890625
1 0.83203125 0.611328125 0.05078125 0.087890625
1 0.7763671875 0.6142578125 0.048828125 0.087890625
1 0.716796875 0.6162109375 0.0498046875 0.083984375
1 0.658203125 0.6171875 0.046875 0.0830078125
1 0.599609375 0.6220703125 0.05078125 0.0849609375
1 0.54296875 0.6240234375 0.05078125 0.083984375
1 0.484375 0.6298828125 0.0576171875 0.0869140625
1 0.4248046875 0.6318359375 0.048828125 0.0908203125
1 0.3662109375 0.6337890625 0.0498046875 0.0859375
