1 0.1552734375 0.52734375 0.0498046875 0.08984375
1 0.21875 0.52734375 0.0478515625 0.091796875
1 0.28125 0.52734375 0.0498046875 0.0927734375
1 0.34375 0.52734375 0.0517578125 0.09375
1 0.40625 0.52734375 0.0498046875 0.091796875
1 0.4677734375 0.52734375 0.052734375 0.0986328125
1 0.5302734375 0.5283203125 0.05078125 0.09375
1 0.5908203125 0.52734375 0.0498046875 0.0908203125
1 0.6533203125 0.52734375 0.0517578125 0.09375
1 0.7158203125 0.52734375 0.0517578125 0.09375
1 0.83203125 0.3955078125 0.0546875 0.095703125
1 0.8984375 0.3974609375 0.0517578125 0.0966796875
1 0.8359375 0.7451171875 0.048828125 0.09375
1 0.9013671875 0.744140625 0.046875 0.0908203125
1 0.1875 0.3974609375 0.046875 0.0859375
1 0.7724609375 0.3974609375 0.0439453125 0.0810546875
1 0.38671875 0.3994140625 0.18359375 0.1552734375
1 0.82421875 0.51171875 0.14453125 0.1044921875
1 0.1904296875 0.7451171875 0.0439453125 0.0849609375
1 0.7744140625 0.748046875 0.0400390625 0.0830078125
1 0.38671875 0.748046875 0.1962890625 0.1513671875
