0 0.1201171875 0.216796875 0.08984375 0.046875
0 0.1201171875 0.2783203125 0.08984375 0.046875
0 0.119140625 0.33984375 0.0888671875 0.046875
0 0.8134765625 0.28125 0.0869140625 0.0458984375
0 0.466796875 0.21484375 0.08984375 0.048828125
0 0.1201171875 0.4013671875 0.08984375 0.048828125
0 0.8134765625 0.2197265625 0.087890625 0.0478515625
0 0.466796875 0.33984375 0.08984375 0.0478515625
0 0.8134765625 0.34375 0.0859375 0.046875
0 0.4677734375 0.27734375 0.08984375 0.0458984375
0 0.1181640625 0.7138671875 0.0703125 0.0283203125
0 0.814453125 0.404296875 0.087890625 0.048828125
0 0.1181640625 0.6484375 0.0888671875 0.048828125
0 0.46484375 0.5888671875 0.0869140625 0.0458984375
0 0.1181640625 0.587890625 0.08984375 0.0478515625
0 0.119140625 0.7744140625 0.0888671875 0.046875
0 0.46484375 0.525390625 0.0859375 0.048828125
0 0.8115234375 0.6513671875 0.0869140625 0.044921875
0 0.8115234375 0.71484375 0.087890625 0.0498046875
0 0.466796875 0.40234375 0.0849609375 0.0478515625
0 0.8134765625 0.466796875 0.087890625 0.0478515625
0 0.46484375 0.7138671875 0.087890625 0.0478515625
0 0.810546875 0.775390625 0.0869140625 0.044921875
0 0.1181640625 0.525390625 0.0888671875 0.0458984375
0 0.4638671875 0.7744140625 0.0869140625 0.0458984375
0 0.8125 0.591796875 0.0859375 0.0478515625
0 0.46484375 0.650390625 0.0888671875 0.046875
0 0.8125 0.52734375 0.0849609375 0.044921875
0 0.466796875 0.46484375 0.087890625 0.0478515625
0 0.599609375 0.244140625 0.0830078125 0.044921875
0 0.2509765625 0.2451171875 0.0791015625 0.044921875
0 0.9453125 0.2470703125 0.06640625 0.03125
0 0.1201171875 0.46484375 0.0908203125 0.0478515625
0 0.248046875 0.830078125 0.078125 0.0458984375
0 0.5927734375 0.8291015625 0.076171875 0.0458984375
0 0.9384765625 0.8291015625 0.0771484375 0.0439453125
0 0.2490234375 0.4443359375 0.142578125 0.1884765625
0 0.5986328125 0.4443359375 0.1513671875 0.189453125
0 0.9345703125 0.4462890625 0.130859375 0.1845703125
