0 0.55859375 0.513671875 0.1689453125 0.1396484375
1 0.86328125 0.625 0.0244140625 0.087890625
1 0.81640625 0.626953125 0.044921875 0.08203125
1 0.7568359375 0.6298828125 0.0419921875 0.087890625
1 0.701171875 0.630859375 0.041015625 0.0810546875
1 0.642578125 0.6337890625 0.037109375 0.0859375
1 0.583984375 0.634765625 0.041015625 0.0869140625
1 0.525390625 0.634765625 0.0419921875 0.0830078125
1 0.4677734375 0.6357421875 0.0361328125 0.0869140625
1 0.4130859375 0.6396484375 0.0458984375 0.0830078125
1 0.3505859375 0.6396484375 0.044921875 0.0849609375
