0 0.8115234375 0.599609375 0.1318359375 0.0869140625
0 0.400390625 0.4814453125 0.1708984375 0.1298828125
1 0.7646484375 0.48828125 0.0400390625 0.078125
1 0.216796875 0.4716796875 0.04296875 0.0703125
1 0.8232421875 0.4853515625 0.0458984375 0.0859375
1 0.884765625 0.4873046875 0.048828125 0.0849609375
1 0.185546875 0.59765625 0.044921875 0.0830078125
1 0.2451171875 0.59765625 0.044921875 0.0849609375
1 0.3017578125 0.599609375 0.04296875 0.0810546875
1 0.3603515625 0.599609375 0.0390625 0.0830078125
1 0.41796875 0.6005859375 0.044921875 0.083984375
1 0.4775390625 0.6015625 0.046875 0.0830078125
1 0.53515625 0.603515625 0.04296875 0.08203125
1 0.59375 0.60546875 0.044921875 0.0830078125
1 0.6533203125 0.607421875 0.0419921875 0.083984375
1 0.708984375 0.6064453125 0.0439453125 0.0849609375
