1 0.9013671875 0.8212890625 0.0849609375 0.048828125
1 0.8984375 0.7646484375 0.0849609375 0.0458984375
1 0.9013671875 0.70703125 0.0849609375 0.0498046875
1 0.8994140625 0.6484375 0.0810546875 0.0498046875
1 0.9013671875 0.5908203125 0.0869140625 0.046875
1 0.9013671875 0.5322265625 0.0810546875 0.044921875
1 0.9013671875 0.4765625 0.0869140625 0.0439453125
1 0.9033203125 0.41796875 0.0849609375 0.0458984375
1 0.90234375 0.3603515625 0.0810546875 0.046875
1 0.78125 0.25 0.0830078125 0.0478515625
1 0.7822265625 0.189453125 0.0849609375 0.05078125
1 0.576171875 0.8251953125 0.0849609375 0.048828125
1 0.5771484375 0.7685546875 0.083984375 0.0439453125
1 0.576171875 0.7099609375 0.08203125 0.0478515625
1 0.576171875 0.6513671875 0.0859375 0.0478515625
1 0.576171875 0.595703125 0.0830078125 0.0439453125
1 0.5771484375 0.5380859375 0.0830078125 0.0439453125
1 0.578125 0.4794921875 0.083984375 0.05078125
1 0.576171875 0.421875 0.0810546875 0.046875
1 0.578125 0.3642578125 0.08203125 0.046875
1 0.45703125 0.255859375 0.0830078125 0.05078125
1 0.458984375 0.1953125 0.08203125 0.0458984375
1 0.251953125 0.8203125 0.0859375 0.048828125
1 0.2529296875 0.763671875 0.083984375 0.046875
1 0.25390625 0.7060546875 0.0849609375 0.048828125
1 0.251953125 0.6455078125 0.0849609375 0.0458984375
1 0.25390625 0.58984375 0.087890625 0.048828125
1 0.25390625 0.533203125 0.08984375 0.048828125
1 0.25390625 0.4736328125 0.087890625 0.044921875
1 0.25390625 0.4169921875 0.0888671875 0.046875
1 0.2548828125 0.357421875 0.0830078125 0.05078125
1 0.134765625 0.251953125 0.0888671875 0.05078125
1 0.1337890625 0.19140625 0.08984375 0.048828125
1 0.1328125 0.3076171875 0.068359375 0.044921875
1 0.458984375 0.310546875 0.0771484375 0.041015625
1 0.78125 0.30859375 0.078125 0.03515625
1 0.1328125 0.8515625 0.076171875 0.03515625
1 0.451171875 0.8544921875 0.080078125 0.0322265625
1 0.7724609375 0.8505859375 0.083984375 0.044921875
1 0.78125 0.666015625 0.138671875 0.16796875
1 0.8876953125 0.2626953125 0.0908203125 0.134765625
1 0.4560546875 0.6689453125 0.1328125 0.1796875
1 0.5654296875 0.2666015625 0.0908203125 0.134765625
1 0.1337890625 0.66796875 0.1376953125 0.1708984375
1 0.2392578125 0.2578125 0.0849609375 0.1357421875
