0 0.2392578125 0.255859375 0.048828125 0.08984375
0 0.3017578125 0.255859375 0.046875 0.087890625
0 0.36328125 0.255859375 0.046875 0.0888671875
0 0.42578125 0.2548828125 0.0478515625 0.0888671875
0 0.48828125 0.2548828125 0.046875 0.091796875
0 0.548828125 0.25390625 0.0478515625 0.087890625
0 0.611328125 0.25390625 0.0517578125 0.0888671875
0 0.6728515625 0.2548828125 0.046875 0.0927734375
0 0.734375 0.2548828125 0.046875 0.091796875
0 0.7958984375 0.255859375 0.0478515625 0.091796875
0 0.798828125 0.6005859375 0.033203125 0.076171875
0 0.7373046875 0.6025390625 0.0478515625 0.087890625
0 0.6748046875 0.6025390625 0.0458984375 0.0888671875
0 0.6142578125 0.6025390625 0.0458984375 0.087890625
0 0.55078125 0.6015625 0.046875 0.087890625
0 0.48828125 0.6025390625 0.0478515625 0.087890625
0 0.427734375 0.6025390625 0.046875 0.0908203125
0 0.3642578125 0.6025390625 0.046875 0.0859375
0 0.3017578125 0.6015625 0.0478515625 0.0908203125
0 0.2412109375 0.603515625 0.048828125 0.08984375
0 0.76953125 0.3828125 0.0400390625 0.078125
0 0.5703125 0.384765625 0.185546875 0.14453125
0 0.5751953125 0.7314453125 0.1865234375 0.150390625
0 0.1337890625 0.267578125 0.1484375 0.1142578125
0 0.0576171875 0.388671875 0.0498046875 0.08984375
0 0.1240234375 0.388671875 0.046875 0.091796875
0 0.181640625 0.3857421875 0.04296875 0.08203125
0 0.1328125 0.6162109375 0.1484375 0.1044921875
0 0.05859375 0.7333984375 0.044921875 0.08984375
0 0.125 0.734375 0.0478515625 0.08984375
0 0.1865234375 0.7314453125 0.0380859375 0.080078125
0 0.7705078125 0.7333984375 0.0498046875 0.0791015625
