1 0.18359375 0.724609375 0.0888671875 0.1318359375
1 0.1650390625 0.6259765625 0.0810546875 0.044921875
1 0.2880859375 0.6748046875 0.0712890625 0.03515625
1 0.2900390625 0.7939453125 0.0869140625 0.044921875
1 0.1572265625 0.28125 0.0810546875 0.0439453125
1 0.1552734375 0.22265625 0.0830078125 0.04296875
1 0.1630859375 0.51171875 0.08203125 0.0439453125
1 0.1630859375 0.568359375 0.0810546875 0.044921875
1 0.1611328125 0.453125 0.08203125 0.0458984375
1 0.158203125 0.337890625 0.0849609375 0.04296875
1 0.279296875 0.318359375 0.142578125 0.1728515625
1 0.2890625 0.7314453125 0.0830078125 0.044921875
1 0.15625 0.1650390625 0.0849609375 0.0419921875
1 0.16015625 0.39453125 0.0830078125 0.04296875
1 0.2783203125 0.13671875 0.0703125 0.0244140625
