0 0.8466796875 0.2529296875 0.056640625 0.044921875
0 0.654296875 0.8876953125 0.08203125 0.0498046875
0 0.84375 0.6025390625 0.060546875 0.0439453125
0 0.8515625 0.8193359375 0.046875 0.13671875
0 0.8466796875 0.544921875 0.0576171875 0.0439453125
0 0.333984375 0.88671875 0.080078125 0.046875
0 0.8447265625 0.66015625 0.060546875 0.04296875
0 0.5390625 0.2568359375 0.0791015625 0.044921875
0 0.8447265625 0.7177734375 0.060546875 0.044921875
0 0.3388671875 0.4072265625 0.126953125 0.171875
0 0.8466796875 0.3115234375 0.0576171875 0.0458984375
0 0.53515625 0.546875 0.078125 0.0419921875
0 0.53515625 0.6015625 0.080078125 0.046875
0 0.8466796875 0.369140625 0.0576171875 0.0439453125
0 0.2158203125 0.541015625 0.0810546875 0.044921875
0 0.8466796875 0.4287109375 0.0576171875 0.0439453125
0 0.5361328125 0.3681640625 0.076171875 0.0439453125
0 0.21484375 0.482421875 0.0810546875 0.0439453125
0 0.5361328125 0.4296875 0.0791015625 0.046875
0 0.2265625 0.8134765625 0.0859375 0.13671875
0 0.3349609375 0.8251953125 0.0791015625 0.04296875
0 0.8466796875 0.1943359375 0.056640625 0.0439453125
0 0.6611328125 0.2236328125 0.0654296875 0.0400390625
0 0.2138671875 0.7138671875 0.080078125 0.0400390625
0 0.5361328125 0.7158203125 0.0791015625 0.041015625
0 0.845703125 0.4873046875 0.05859375 0.044921875
0 0.66015625 0.416015625 0.1279296875 0.1796875
0 0.21484375 0.59765625 0.080078125 0.04296875
0 0.65625 0.826171875 0.0810546875 0.0458984375
0 0.2158203125 0.3701171875 0.080078125 0.0439453125
0 0.5380859375 0.3134765625 0.078125 0.041015625
0 0.5361328125 0.4873046875 0.080078125 0.0419921875
0 0.3369140625 0.224609375 0.0732421875 0.0390625
0 0.541015625 0.1982421875 0.0791015625 0.046875
0 0.546875 0.82421875 0.0859375 0.1435546875
0 0.2158203125 0.658203125 0.078125 0.04296875
0 0.21484375 0.4267578125 0.08203125 0.0439453125
0 0.53515625 0.658203125 0.0830078125 0.0439453125
0 0.6552734375 0.7705078125 0.06640625 0.0419921875
0 0.216796875 0.3125 0.080078125 0.0439453125
0 0.2158203125 0.25390625 0.080078125 0.0439453125
0 0.216796875 0.1962890625 0.080078125 0.0439453125
