1 0.2236328125 0.236328125 0.0849609375 0.044921875
1 0.21875 0.294921875 0.0869140625 0.0478515625
1 0.2158203125 0.353515625 0.0869140625 0.048828125
1 0.2099609375 0.4111328125 0.0859375 0.0517578125
1 0.2041015625 0.4697265625 0.0849609375 0.046875
0 0.0810546875 0.5380859375 0.140625 0.171875
1 0.203125 0.52734375 0.083984375 0.0498046875
1 0.1982421875 0.5859375 0.083984375 0.0517578125
1 0.1943359375 0.642578125 0.0849609375 0.0458984375
1 0.1904296875 0.7001953125 0.083984375 0.0458984375
1 0.1865234375 0.7587890625 0.083984375 0.0498046875
1 0.0634765625 0.72265625 0.0732421875 0.0400390625
1 0.107421875 0.1767578125 0.0732421875 0.03515625
