1 0.8359375 0.29296875 0.142578125 0.099609375
1 0.29296875 0.302734375 0.0517578125 0.08984375
1 0.2939453125 0.6533203125 0.05078125 0.08984375
1 0.41796875 0.654296875 0.05078125 0.087890625
1 0.7275390625 0.306640625 0.0537109375 0.0927734375
1 0.6650390625 0.306640625 0.052734375 0.091796875
1 0.400390625 0.83203125 0.1953125 0.0791015625
1 0.3544921875 0.302734375 0.052734375 0.0908203125
1 0.4775390625 0.3037109375 0.0537109375 0.091796875
1 0.478515625 0.6552734375 0.0517578125 0.0908203125
1 0.9091796875 0.1787109375 0.0537109375 0.091796875
1 0.1689453125 0.3037109375 0.05078125 0.08984375
1 0.35546875 0.6533203125 0.0517578125 0.08984375
1 0.416015625 0.3037109375 0.0517578125 0.08984375
1 0.232421875 0.6513671875 0.048828125 0.0869140625
1 0.5458984375 0.6552734375 0.0517578125 0.0908203125
1 0.6044921875 0.3037109375 0.05078125 0.0888671875
1 0.39453125 0.525390625 0.1904296875 0.15234375
1 0.54296875 0.3056640625 0.052734375 0.0908203125
1 0.23046875 0.3017578125 0.05078125 0.087890625
1 0.400390625 0.1865234375 0.1884765625 0.123046875
1 0.841796875 0.1767578125 0.0556640625 0.0927734375
1 0.19921875 0.173828125 0.046875 0.0791015625
1 0.169921875 0.6513671875 0.046875 0.0869140625
1 0.6064453125 0.65625 0.0498046875 0.0888671875
1 0.783203125 0.177734375 0.0439453125 0.078125
1 0.6669921875 0.6572265625 0.0517578125 0.08984375
1 0.8359375 0.6416015625 0.14453125 0.0966796875
1 0.7275390625 0.65625 0.046875 0.087890625
1 0.19921875 0.5185546875 0.04296875 0.0791015625
1 0.1962890625 0.8505859375 0.041015625 0.048828125
1 0.783203125 0.5283203125 0.0400390625 0.076171875
1 0.908203125 0.849609375 0.05078125 0.05078125
1 0.9111328125 0.5263671875 0.0498046875 0.08984375
1 0.8408203125 0.849609375 0.0458984375 0.05078125
1 0.78125 0.8544921875 0.0419921875 0.0419921875
1 0.8447265625 0.5244140625 0.05078125 0.0927734375
