1 0.81640625 0.275390625 0.0888671875 0.1318359375
1 0.8349609375 0.3740234375 0.0810546875 0.044921875
1 0.7119140625 0.3251953125 0.0712890625 0.03515625
1 0.7099609375 0.2060546875 0.0869140625 0.044921875
1 0.8427734375 0.71875 0.0810546875 0.0439453125
1 0.8447265625 0.77734375 0.0830078125 0.04296875
1 0.8369140625 0.48828125 0.08203125 0.0439453125
1 0.8369140625 0.431640625 0.0810546875 0.044921875
1 0.8388671875 0.546875 0.08203125 0.0458984375
1 0.841796875 0.662109375 0.0849609375 0.04296875
1 0.720703125 0.681640625 0.142578125 0.1728515625
1 0.7109375 0.2685546875 0.0830078125 0.044921875
1 0.84375 0.8349609375 0.0849609375 0.0419921875
1 0.83984375 0.60546875 0.0830078125 0.04296875
1 0.7216796875 0.86328125 0.0703125 0.0244140625
