0 0.1337890625 0.40625 0.0810546875 0.0478515625
0 0.1337890625 0.462890625 0.083984375 0.04296875
0 0.1328125 0.5205078125 0.0830078125 0.0419921875
0 0.1328125 0.5791015625 0.0810546875 0.0439453125
0 0.1318359375 0.63671875 0.072265625 0.03515625
0 0.134765625 0.693359375 0.080078125 0.0419921875
0 0.1337890625 0.7509765625 0.080078125 0.0419921875
0 0.134765625 0.8076171875 0.0830078125 0.0458984375
0 0.1337890625 0.8583984375 0.080078125 0.0322265625
0 0.330078125 0.2392578125 0.08203125 0.0419921875
0 0.3291015625 0.3017578125 0.0810546875 0.0458984375
0 0.4541015625 0.41015625 0.0830078125 0.044921875
0 0.451171875 0.4677734375 0.0830078125 0.0439453125
0 0.4521484375 0.5244140625 0.0830078125 0.04296875
0 0.451171875 0.58203125 0.0830078125 0.0439453125
0 0.4521484375 0.640625 0.08203125 0.041015625
0 0.4501953125 0.697265625 0.0830078125 0.0419921875
0 0.451171875 0.755859375 0.0830078125 0.0458984375
0 0.4521484375 0.8125 0.08203125 0.044921875
0 0.6494140625 0.2412109375 0.0849609375 0.0419921875
0 0.6484375 0.302734375 0.0830078125 0.041015625
0 0.7705078125 0.4111328125 0.0849609375 0.0458984375
0 0.771484375 0.46875 0.0830078125 0.044921875
0 0.771484375 0.52734375 0.0830078125 0.0419921875
0 0.771484375 0.583984375 0.083984375 0.04296875
0 0.771484375 0.642578125 0.0849609375 0.0439453125
0 0.7724609375 0.7001953125 0.0830078125 0.044921875
0 0.771484375 0.7568359375 0.0849609375 0.044921875
0 0.7724609375 0.8154296875 0.0859375 0.0439453125
0 0.330078125 0.359375 0.0693359375 0.0380859375
0 0.650390625 0.3583984375 0.07421875 0.0419921875
0 0.7578125 0.3115234375 0.0908203125 0.1328125
0 0.4404296875 0.3115234375 0.095703125 0.134765625
0 0.1181640625 0.30859375 0.0859375 0.1416015625
0 0.3291015625 0.71875 0.1337890625 0.169921875
0 0.65234375 0.71875 0.134765625 0.1767578125
0 0.02734375 0.2353515625 0.0537109375 0.046875
0 0.02734375 0.298828125 0.0537109375 0.04296875
0 0.025390625 0.353515625 0.05078125 0.0390625
0 0.0400390625 0.7109375 0.080078125 0.1748046875
0 0.44921875 0.859375 0.0830078125 0.0302734375
0 0.7705078125 0.8603515625 0.083984375 0.029296875
