0 0.513671875 0.44140625 0.1396484375 0.1689453125
1 0.625 0.13671875 0.087890625 0.0244140625
1 0.626953125 0.18359375 0.08203125 0.044921875
1 0.6298828125 0.2431640625 0.087890625 0.0419921875
1 0.630859375 0.298828125 0.0810546875 0.041015625
1 0.6337890625 0.357421875 0.0859375 0.037109375
1 0.634765625 0.416015625 0.0869140625 0.041015625
1 0.634765625 0.474609375 0.0830078125 0.0419921875
1 0.6357421875 0.5322265625 0.0869140625 0.0361328125
1 0.6396484375 0.5869140625 0.0830078125 0.0458984375
1 0.6396484375 0.6494140625 0.0849609375 0.044921875
