0 0.1875 0.455078125 0.0458984375 0.0869140625
0 0.25390625 0.4560546875 0.044921875 0.087890625
0 0.3701171875 0.32421875 0.0458984375 0.0908203125
0 0.263671875 0.337890625 0.1396484375 0.1015625
0 0.4951171875 0.3251953125 0.0478515625 0.087890625
0 0.4326171875 0.3251953125 0.044921875 0.091796875
0 0.556640625 0.3232421875 0.0458984375 0.087890625
0 0.681640625 0.32421875 0.044921875 0.087890625
0 0.4951171875 0.6708984375 0.0458984375 0.0888671875
0 0.37109375 0.6708984375 0.046875 0.0888671875
0 0.2548828125 0.802734375 0.0498046875 0.087890625
0 0.802734375 0.3251953125 0.048828125 0.0859375
0 0.1875 0.80078125 0.046875 0.091796875
0 0.9267578125 0.32421875 0.048828125 0.087890625
0 0.6201171875 0.3232421875 0.046875 0.087890625
0 0.8671875 0.326171875 0.046875 0.087890625
0 0.7431640625 0.671875 0.0458984375 0.087890625
0 0.7431640625 0.3232421875 0.0458984375 0.0859375
0 0.4326171875 0.6708984375 0.048828125 0.08984375
0 0.9267578125 0.671875 0.0478515625 0.0888671875
0 0.8046875 0.6728515625 0.0478515625 0.0869140625
0 0.8662109375 0.671875 0.046875 0.0888671875
0 0.5576171875 0.671875 0.048828125 0.0927734375
0 0.619140625 0.6728515625 0.046875 0.0888671875
0 0.3173828125 0.453125 0.0390625 0.080078125
0 0.3173828125 0.8017578125 0.04296875 0.078125
0 0.1865234375 0.138671875 0.0419921875 0.02734375
0 0.6806640625 0.671875 0.046875 0.087890625
0 0.2529296875 0.1396484375 0.04296875 0.02734375
0 0.90234375 0.458984375 0.041015625 0.076171875
0 0.701171875 0.455078125 0.1767578125 0.1455078125
0 0.8994140625 0.802734375 0.0458984375 0.080078125
0 0.7060546875 0.7998046875 0.18359375 0.1455078125
0 0.263671875 0.6865234375 0.138671875 0.10546875
