0 0.44140625 0.486328125 0.1689453125 0.1396484375
1 0.13671875 0.375 0.0244140625 0.087890625
1 0.18359375 0.373046875 0.044921875 0.08203125
1 0.2431640625 0.3701171875 0.0419921875 0.087890625
1 0.298828125 0.369140625 0.041015625 0.0810546875
1 0.357421875 0.3662109375 0.037109375 0.0859375
1 0.416015625 0.365234375 0.041015625 0.0869140625
1 0.474609375 0.365234375 0.0419921875 0.0830078125
1 0.5322265625 0.3642578125 0.0361328125 0.0869140625
1 0.5869140625 0.3603515625 0.0458984375 0.0830078125
1 0.6494140625 0.3603515625 0.044921875 0.0849609375
