0 0.681640625 0.89453125 0.09375 0.0478515625
0 0.6826171875 0.8330078125 0.0908203125 0.0458984375
0 0.681640625 0.7705078125 0.0888671875 0.046875
0 0.6845703125 0.646484375 0.0927734375 0.048828125
0 0.68359375 0.7080078125 0.091796875 0.046875
0 0.685546875 0.5224609375 0.08984375 0.046875
0 0.6845703125 0.5849609375 0.0908203125 0.046875
0 0.6865234375 0.3984375 0.0908203125 0.046875
0 0.6875 0.337890625 0.08984375 0.044921875
0 0.556640625 0.1533203125 0.08984375 0.0498046875
0 0.5556640625 0.2197265625 0.08984375 0.046875
0 0.685546875 0.4599609375 0.08984375 0.048828125
0 0.5546875 0.8642578125 0.08984375 0.0400390625
0 0.5576171875 0.279296875 0.0810546875 0.0380859375
0 0.5537109375 0.6640625 0.146484375 0.1826171875
0 0.671875 0.228515625 0.10546875 0.1435546875
