1 0.150390625 0.59375 0.0908203125 0.0478515625
1 0.150390625 0.7197265625 0.095703125 0.0498046875
1 0.1513671875 0.65625 0.0947265625 0.052734375
1 0.1484375 0.779296875 0.0908203125 0.0478515625
1 0.494140625 0.78125 0.0869140625 0.046875
1 0.494140625 0.6572265625 0.0888671875 0.0458984375
1 0.4931640625 0.5947265625 0.0927734375 0.0478515625
1 0.841796875 0.77734375 0.087890625 0.048828125
1 0.841796875 0.5927734375 0.08984375 0.05078125
1 0.1494140625 0.84375 0.087890625 0.0478515625
1 0.279296875 0.6220703125 0.08203125 0.0400390625
1 0.4931640625 0.7197265625 0.08984375 0.048828125
1 0.4921875 0.84375 0.087890625 0.0458984375
1 0.626953125 0.6259765625 0.078125 0.03515625
1 0.841796875 0.6533203125 0.0908203125 0.046875
1 0.2802734375 0.80078125 0.1435546875 0.1474609375
1 0.6240234375 0.8017578125 0.1484375 0.146484375
1 0.8427734375 0.71484375 0.091796875 0.048828125
1 0.8427734375 0.8388671875 0.0869140625 0.0458984375
1 0.94970703125 0.80078125 0.1005859375 0.1484375
1 0.9658203125 0.62109375 0.068359375 0.0498046875
