1 0.12109375 0.6123046875 0.146484375 0.1044921875
1 0.3525390625 0.595703125 0.0517578125 0.0908203125
1 0.291015625 0.5966796875 0.0537109375 0.091796875
1 0.4140625 0.595703125 0.0537109375 0.0927734375
1 0.7255859375 0.5927734375 0.0498046875 0.0869140625
1 0.044921875 0.7314453125 0.052734375 0.0908203125
1 0.6640625 0.59375 0.0517578125 0.0888671875
1 0.560546875 0.7236328125 0.1923828125 0.146484375
1 0.603515625 0.5947265625 0.052734375 0.08984375
1 0.4755859375 0.5947265625 0.0517578125 0.08984375
1 0.1142578125 0.7314453125 0.0498046875 0.0888671875
1 0.2294921875 0.5966796875 0.0537109375 0.08984375
1 0.541015625 0.5947265625 0.0517578125 0.08984375
1 0.787109375 0.591796875 0.046875 0.083984375
1 0.759765625 0.7255859375 0.0400390625 0.0751953125
1 0.171875 0.7255859375 0.04296875 0.078125
