1 0.955078125 0.259765625 0.08984375 0.138671875
1 0.814453125 0.84375 0.0732421875 0.041015625
1 0.826171875 0.66015625 0.134765625 0.185546875
1 0.8427734375 0.3046875 0.072265625 0.0439453125
1 0.8466796875 0.24609375 0.0947265625 0.0537109375
1 0.8505859375 0.1875 0.083984375 0.0517578125
1 0.9365234375 0.8203125 0.078125 0.0546875
1 0.9404296875 0.7646484375 0.08203125 0.052734375
1 0.943359375 0.7060546875 0.0869140625 0.0546875
1 0.9462890625 0.6484375 0.08203125 0.05078125
1 0.951171875 0.5927734375 0.08203125 0.046875
1 0.953125 0.53515625 0.0849609375 0.05078125
1 0.95703125 0.4775390625 0.0859375 0.0537109375
1 0.9560546875 0.4189453125 0.087890625 0.0458984375
1 0.9609375 0.35986328125 0.078125 0.0537109375
