0 0.833984375 0.7880859375 0.0859375 0.0439453125
0 0.8349609375 0.724609375 0.0859375 0.04296875
0 0.7138671875 0.615234375 0.08203125 0.0439453125
0 0.716796875 0.5556640625 0.0791015625 0.04296875
0 0.7158203125 0.5 0.08203125 0.0439453125
0 0.71875 0.4423828125 0.08203125 0.04296875
0 0.716796875 0.3857421875 0.0830078125 0.0458984375
0 0.71875 0.328125 0.08203125 0.046875
0 0.7197265625 0.2705078125 0.083984375 0.046875
0 0.7197265625 0.2138671875 0.0810546875 0.044921875
0 0.720703125 0.1552734375 0.08203125 0.046875
0 0.8330078125 0.6669921875 0.06640625 0.0361328125
0 0.7275390625 0.7158203125 0.09375 0.1318359375
0 0.8408203125 0.310546875 0.1337890625 0.1630859375
0 0.5146484375 0.7841796875 0.083984375 0.04296875
0 0.5146484375 0.72265625 0.08203125 0.04296875
0 0.3935546875 0.6103515625 0.080078125 0.046875
0 0.3974609375 0.552734375 0.0859375 0.0458984375
0 0.396484375 0.494140625 0.083984375 0.0498046875
0 0.3974609375 0.4384765625 0.0810546875 0.04296875
0 0.3994140625 0.3798828125 0.080078125 0.041015625
0 0.4013671875 0.32421875 0.078125 0.0400390625
0 0.40234375 0.265625 0.0810546875 0.0419921875
0 0.40234375 0.2080078125 0.0810546875 0.041015625
0 0.4033203125 0.1513671875 0.080078125 0.041015625
0 0.1962890625 0.7744140625 0.0810546875 0.044921875
0 0.197265625 0.7138671875 0.080078125 0.0419921875
0 0.076171875 0.603515625 0.0810546875 0.0439453125
0 0.0771484375 0.546875 0.0810546875 0.0439453125
0 0.078125 0.48828125 0.0810546875 0.04296875
0 0.0791015625 0.4306640625 0.08203125 0.0439453125
0 0.080078125 0.3720703125 0.083984375 0.0419921875
0 0.080078125 0.31640625 0.0849609375 0.0458984375
0 0.080078125 0.259765625 0.0732421875 0.0322265625
0 0.08203125 0.201171875 0.0810546875 0.0439453125
0 0.0830078125 0.146484375 0.0810546875 0.0400390625
0 0.0869140625 0.7041015625 0.0947265625 0.1318359375
0 0.1962890625 0.658203125 0.080078125 0.04296875
0 0.197265625 0.296875 0.146484375 0.1708984375
0 0.4052734375 0.708984375 0.095703125 0.1337890625
0 0.513671875 0.6630859375 0.0791015625 0.037109375
0 0.51953125 0.3037109375 0.1416015625 0.177734375
