1 0.6640625 0.177734375 0.0830078125 0.0458984375
1 0.666015625 0.2333984375 0.08984375 0.0458984375
1 0.6650390625 0.29296875 0.0849609375 0.04296875
1 0.6669921875 0.3505859375 0.0849609375 0.044921875
1 0.666015625 0.4072265625 0.0830078125 0.044921875
1 0.6689453125 0.4658203125 0.0849609375 0.0439453125
1 0.6689453125 0.5244140625 0.0859375 0.0478515625
1 0.6689453125 0.5810546875 0.0849609375 0.04296875
1 0.66796875 0.638671875 0.0830078125 0.0439453125
1 0.6708984375 0.6962890625 0.0810546875 0.0458984375
1 0.7939453125 0.80078125 0.083984375 0.0419921875
1 0.7958984375 0.8564453125 0.083984375 0.0361328125
1 0.7861328125 0.201171875 0.0703125 0.0341796875
1 0.7861328125 0.38671875 0.1396484375 0.173828125
1 0.79296875 0.744140625 0.0703125 0.033203125
1 0.6884765625 0.7919921875 0.091796875 0.126953125
