1 0.130859375 0.146484375 0.083984375 0.0400390625
1 0.12890625 0.2021484375 0.0830078125 0.0439453125
1 0.12890625 0.2607421875 0.0810546875 0.0458984375
1 0.12890625 0.31640625 0.083984375 0.0458984375
1 0.126953125 0.375 0.0849609375 0.0458984375
1 0.126953125 0.431640625 0.08203125 0.044921875
1 0.1259765625 0.490234375 0.0830078125 0.0458984375
1 0.125 0.546875 0.08203125 0.0439453125
1 0.1259765625 0.6044921875 0.0849609375 0.0439453125
1 0.125 0.6611328125 0.0830078125 0.0458984375
1 0.251953125 0.1708984375 0.080078125 0.041015625
1 0.2490234375 0.357421875 0.138671875 0.1708984375
1 0.2451171875 0.7158203125 0.078125 0.041015625
1 0.24609375 0.7705078125 0.0849609375 0.0439453125
1 0.2451171875 0.8330078125 0.083984375 0.048828125
1 0.138671875 0.759765625 0.0869140625 0.1318359375
0 0.44921875 0.1474609375 0.08203125 0.044921875
0 0.4501953125 0.205078125 0.0830078125 0.04296875
0 0.4482421875 0.263671875 0.083984375 0.04296875
0 0.4482421875 0.3203125 0.08203125 0.04296875
0 0.447265625 0.3798828125 0.0830078125 0.046875
0 0.4482421875 0.435546875 0.0830078125 0.046875
0 0.4482421875 0.494140625 0.080078125 0.0458984375
0 0.4462890625 0.552734375 0.08203125 0.0439453125
0 0.447265625 0.6103515625 0.080078125 0.04296875
0 0.447265625 0.6669921875 0.078125 0.0419921875
0 0.572265625 0.17578125 0.0810546875 0.041015625
0 0.5693359375 0.359375 0.134765625 0.17578125
0 0.4609375 0.767578125 0.09375 0.140625
0 0.56640625 0.7177734375 0.0908203125 0.041015625
0 0.568359375 0.7744140625 0.0791015625 0.041015625
0 0.5673828125 0.8369140625 0.078125 0.0419921875
1 0.775390625 0.1611328125 0.0810546875 0.044921875
1 0.7724609375 0.21875 0.0830078125 0.046875
1 0.7734375 0.27734375 0.0849609375 0.04296875
1 0.771484375 0.3349609375 0.0810546875 0.04296875
1 0.7705078125 0.3916015625 0.0771484375 0.0439453125
1 0.771484375 0.4501953125 0.0791015625 0.0439453125
1 0.7685546875 0.5078125 0.08203125 0.044921875
1 0.7685546875 0.564453125 0.080078125 0.0419921875
1 0.767578125 0.623046875 0.08203125 0.0419921875
1 0.765625 0.6806640625 0.08203125 0.0439453125
1 0.884765625 0.7890625 0.0830078125 0.0458984375
1 0.884765625 0.8505859375 0.083984375 0.0419921875
1 0.78125 0.7783203125 0.0869140625 0.134765625
1 0.8896484375 0.3759765625 0.12890625 0.1748046875
1 0.8974609375 0.1904296875 0.0791015625 0.046875
1 0.8828125 0.7314453125 0.0791015625 0.041015625
