0 0.1357421875 0.2236328125 0.0791015625 0.04296875
0 0.134765625 0.28515625 0.0810546875 0.04296875
0 0.2548828125 0.3916015625 0.0791015625 0.041015625
0 0.2548828125 0.44921875 0.0810546875 0.0400390625
0 0.255859375 0.509765625 0.0791015625 0.0419921875
0 0.2568359375 0.5654296875 0.078125 0.0400390625
0 0.2568359375 0.6240234375 0.0791015625 0.0419921875
0 0.2578125 0.6796875 0.08203125 0.0419921875
0 0.2578125 0.7373046875 0.0791015625 0.0419921875
0 0.2568359375 0.794921875 0.0810546875 0.0439453125
0 0.2578125 0.8525390625 0.080078125 0.044921875
0 0.455078125 0.2255859375 0.0771484375 0.041015625
0 0.4541015625 0.28515625 0.080078125 0.041015625
0 0.576171875 0.3955078125 0.0791015625 0.0419921875
0 0.5771484375 0.453125 0.0791015625 0.0419921875
0 0.576171875 0.5087890625 0.0810546875 0.0419921875
0 0.576171875 0.5673828125 0.0791015625 0.0419921875
0 0.576171875 0.6259765625 0.0810546875 0.0439453125
0 0.576171875 0.6826171875 0.0810546875 0.0419921875
0 0.5751953125 0.7412109375 0.0791015625 0.0419921875
0 0.5751953125 0.7978515625 0.0810546875 0.0419921875
0 0.5751953125 0.853515625 0.08203125 0.041015625
0 0.2431640625 0.2919921875 0.091796875 0.130859375
0 0.1376953125 0.341796875 0.072265625 0.0419921875
0 0.1376953125 0.7001953125 0.1328125 0.1630859375
0 0.4560546875 0.703125 0.134765625 0.16796875
0 0.4541015625 0.34375 0.0771484375 0.041015625
0 0.5625 0.294921875 0.08984375 0.1357421875
0 0.7724609375 0.2275390625 0.080078125 0.0439453125
0 0.7734375 0.291015625 0.0830078125 0.041015625
0 0.89453125 0.3984375 0.080078125 0.0419921875
0 0.89453125 0.4541015625 0.08203125 0.0419921875
0 0.89453125 0.5126953125 0.0810546875 0.04296875
0 0.89453125 0.5703125 0.080078125 0.041015625
0 0.8955078125 0.6279296875 0.0830078125 0.04296875
0 0.896484375 0.685546875 0.0830078125 0.0419921875
0 0.896484375 0.7421875 0.0810546875 0.041015625
0 0.8955078125 0.798828125 0.080078125 0.0439453125
0 0.8955078125 0.8544921875 0.0810546875 0.0400390625
0 0.77734375 0.3466796875 0.0712890625 0.046875
0 0.8837890625 0.2978515625 0.0927734375 0.12890625
0 0.7783203125 0.7041015625 0.1298828125 0.1689453125
