1 0.662109375 0.1552734375 0.08984375 0.0498046875
1 0.662109375 0.21875 0.0849609375 0.052734375
1 0.7880859375 0.3232421875 0.0849609375 0.0478515625
1 0.787109375 0.380859375 0.0849609375 0.048828125
1 0.791015625 0.439453125 0.0869140625 0.0478515625
1 0.7890625 0.4970703125 0.0849609375 0.048828125
1 0.7919921875 0.5546875 0.0830078125 0.044921875
1 0.791015625 0.611328125 0.0859375 0.0458984375
1 0.7900390625 0.6708984375 0.0849609375 0.046875
1 0.79296875 0.7294921875 0.0859375 0.048828125
1 0.79296875 0.78515625 0.0859375 0.05078125
1 0.7939453125 0.8427734375 0.083984375 0.048828125
1 0.6708984375 0.8173828125 0.07421875 0.0380859375
1 0.669921875 0.6357421875 0.1376953125 0.1767578125
1 0.7734375 0.224609375 0.0947265625 0.1328125
1 0.666015625 0.2744140625 0.072265625 0.041015625
0 0.66796875 0.62890625 0.048828125 0.1708984375
