0 0.517578125 0.1845703125 0.083984375 0.037109375
0 0.3857421875 0.15625 0.0830078125 0.0380859375
0 0.384765625 0.21875 0.078125 0.04296875
0 0.3828125 0.279296875 0.080078125 0.037109375
0 0.384765625 0.3408203125 0.083984375 0.0458984375
0 0.3828125 0.462890625 0.083984375 0.0458984375
0 0.3828125 0.5869140625 0.0830078125 0.0439453125
0 0.380859375 0.712890625 0.0830078125 0.0458984375
0 0.3837890625 0.40234375 0.0830078125 0.046875
0 0.5126953125 0.8291015625 0.0830078125 0.0458984375
0 0.51171875 0.89453125 0.083984375 0.044921875
0 0.3818359375 0.65234375 0.08203125 0.0478515625
0 0.3837890625 0.5263671875 0.083984375 0.0390625
0 0.509765625 0.7705078125 0.0791015625 0.0341796875
0 0.5126953125 0.384765625 0.1474609375 0.177734375
0 0.396484375 0.8212890625 0.1005859375 0.1416015625
