1 0.044921875 0.740234375 0.08984375 0.138671875
1 0.185546875 0.15625 0.0732421875 0.041015625
1 0.173828125 0.33984375 0.134765625 0.185546875
1 0.1572265625 0.6953125 0.072265625 0.0439453125
1 0.1533203125 0.75390625 0.0947265625 0.0537109375
1 0.1494140625 0.8125 0.083984375 0.0517578125
1 0.0634765625 0.1796875 0.078125 0.0546875
1 0.0595703125 0.2353515625 0.08203125 0.052734375
1 0.056640625 0.2939453125 0.0869140625 0.0546875
1 0.0537109375 0.3515625 0.08203125 0.05078125
1 0.048828125 0.4072265625 0.08203125 0.046875
1 0.046875 0.46484375 0.0849609375 0.05078125
1 0.04296875 0.5224609375 0.0859375 0.0537109375
1 0.0439453125 0.5810546875 0.087890625 0.0458984375
1 0.0390625 0.64013671875 0.078125 0.0537109375
