1 0.1435546875 0.640625 0.0361328125 0.095703125
1 0.1982421875 0.638671875 0.0439453125 0.095703125
1 0.2529296875 0.6376953125 0.0390625 0.0888671875
1 0.3125 0.634765625 0.044921875 0.0888671875
1 0.3701171875 0.6318359375 0.044921875 0.0888671875
1 0.4287109375 0.630859375 0.044921875 0.0888671875
1 0.4853515625 0.626953125 0.0458984375 0.087890625
1 0.5419921875 0.6240234375 0.04296875 0.08984375
1 0.6015625 0.6220703125 0.041015625 0.0830078125
1 0.703125 0.4931640625 0.0390625 0.0869140625
1 0.7626953125 0.4921875 0.044921875 0.08984375
1 0.1376953125 0.3212890625 0.025390625 0.1005859375
1 0.1845703125 0.31640625 0.0458984375 0.0869140625
1 0.2431640625 0.314453125 0.044921875 0.087890625
1 0.2998046875 0.3125 0.04296875 0.083984375
1 0.357421875 0.30859375 0.0439453125 0.08203125
1 0.4140625 0.3037109375 0.0439453125 0.087890625
1 0.4736328125 0.302734375 0.044921875 0.0888671875
1 0.529296875 0.3017578125 0.0419921875 0.083984375
1 0.5888671875 0.2978515625 0.0517578125 0.083984375
1 0.6904296875 0.1708984375 0.0439453125 0.0849609375
1 0.7509765625 0.1689453125 0.046875 0.0859375
1 0.2880859375 0.5126953125 0.173828125 0.142578125
1 0.6962890625 0.603515625 0.1337890625 0.0869140625
1 0.64453125 0.4990234375 0.041015625 0.0751953125
1 0.6337890625 0.177734375 0.03515625 0.072265625
1 0.2744140625 0.193359375 0.1748046875 0.134765625
1 0.685546875 0.28125 0.130859375 0.08984375
