1 0.8251953125 0.0625 0.046875 0.08203125
1 0.767578125 0.060546875 0.04296875 0.083984375
1 0.708984375 0.0615234375 0.048828125 0.08203125
1 0.65234375 0.060546875 0.0419921875 0.08203125
1 0.5947265625 0.060546875 0.046875 0.087890625
1 0.5380859375 0.0595703125 0.0458984375 0.0810546875
1 0.4794921875 0.0595703125 0.046875 0.0830078125
1 0.4228515625 0.05859375 0.048828125 0.0830078125
1 0.3642578125 0.0595703125 0.0478515625 0.08203125
1 0.306640625 0.0595703125 0.0498046875 0.083984375
1 0.2080078125 0.072265625 0.13671875 0.08984375
1 0.7998046875 0.185546875 0.0361328125 0.0771484375
1 0.6142578125 0.181640625 0.1728515625 0.1376953125
1 0.2548828125 0.1796875 0.0400390625 0.0712890625
1 0.197265625 0.1796875 0.048828125 0.08203125
1 0.14453125 0.177734375 0.0390625 0.0830078125
1 0.8203125 0.3828125 0.0498046875 0.0849609375
1 0.76171875 0.3837890625 0.0498046875 0.0830078125
1 0.7041015625 0.3837890625 0.048828125 0.0859375
1 0.646484375 0.384765625 0.0498046875 0.08203125
1 0.58984375 0.3818359375 0.0458984375 0.0830078125
1 0.5322265625 0.3818359375 0.048828125 0.08203125
1 0.474609375 0.3818359375 0.044921875 0.080078125
1 0.4169921875 0.3798828125 0.0478515625 0.0869140625
1 0.3583984375 0.380859375 0.0498046875 0.08203125
1 0.3017578125 0.3798828125 0.046875 0.08203125
1 0.2021484375 0.39453125 0.130859375 0.091796875
1 0.7890625 0.5078125 0.04296875 0.0693359375
1 0.6064453125 0.50390625 0.1767578125 0.138671875
1 0.2470703125 0.5009765625 0.0400390625 0.0693359375
1 0.193359375 0.5029296875 0.0478515625 0.087890625
1 0.140625 0.5009765625 0.03125 0.0859375
1 0.5888671875 0.822265625 0.1796875 0.134765625
1 0.1865234375 0.7138671875 0.123046875 0.087890625
1 0.228515625 0.8203125 0.0390625 0.0751953125
1 0.7734375 0.8271484375 0.0419921875 0.072265625
1 0.80078125 0.7041015625 0.05078125 0.083984375
1 0.744140625 0.703125 0.0498046875 0.0888671875
1 0.6845703125 0.703125 0.0498046875 0.08203125
1 0.6279296875 0.7041015625 0.0478515625 0.0830078125
1 0.5712890625 0.7021484375 0.046875 0.083984375
1 0.51171875 0.703125 0.046875 0.0830078125
1 0.4541015625 0.7001953125 0.046875 0.083984375
1 0.396484375 0.7021484375 0.044921875 0.0791015625
1 0.33984375 0.7021484375 0.0478515625 0.0849609375
1 0.2822265625 0.7001953125 0.0458984375 0.0859375
1 0.1728515625 0.822265625 0.0498046875 0.0869140625
