1 0.2080078125 0.275390625 0.0458984375 0.0849609375
1 0.265625 0.2744140625 0.0498046875 0.083984375
1 0.3232421875 0.2734375 0.0478515625 0.0810546875
1 0.380859375 0.2734375 0.048828125 0.08203125
1 0.439453125 0.2705078125 0.0478515625 0.083984375
1 0.4970703125 0.26953125 0.048828125 0.0830078125
1 0.5546875 0.26953125 0.048828125 0.08203125
1 0.6123046875 0.2685546875 0.0458984375 0.0830078125
1 0.6708984375 0.2685546875 0.046875 0.080078125
1 0.7275390625 0.2685546875 0.0439453125 0.0830078125
1 0.216796875 0.5947265625 0.046875 0.0791015625
1 0.2724609375 0.59375 0.044921875 0.08203125
1 0.3310546875 0.5927734375 0.044921875 0.08203125
1 0.3876953125 0.591796875 0.0439453125 0.080078125
1 0.4462890625 0.5908203125 0.0439453125 0.0791015625
1 0.5029296875 0.591796875 0.0439453125 0.0810546875
1 0.5615234375 0.5908203125 0.0439453125 0.0791015625
1 0.619140625 0.58984375 0.041015625 0.0791015625
1 0.6767578125 0.58984375 0.0458984375 0.080078125
1 0.7353515625 0.58984375 0.0478515625 0.0830078125
1 0.841796875 0.462890625 0.046875 0.08203125
1 0.9033203125 0.46484375 0.048828125 0.083984375
1 0.8447265625 0.787109375 0.0439453125 0.0810546875
1 0.9052734375 0.7861328125 0.0439453125 0.08203125
1 0.8349609375 0.1533203125 0.04296875 0.0576171875
1 0.89453125 0.154296875 0.044921875 0.05859375
1 0.787109375 0.791015625 0.03125 0.0712890625
1 0.7841796875 0.46875 0.0390625 0.0732421875
1 0.240234375 0.470703125 0.0380859375 0.0732421875
1 0.2451171875 0.79296875 0.0341796875 0.0712890625
1 0.4267578125 0.4716796875 0.1689453125 0.134765625
1 0.4287109375 0.7939453125 0.1689453125 0.1328125
1 0.8271484375 0.25390625 0.134765625 0.0966796875
1 0.833984375 0.576171875 0.13671875 0.099609375
