0 0.40625 0.8662109375 0.0478515625 0.0810546875
0 0.462890625 0.8662109375 0.04296875 0.083984375
0 0.5205078125 0.8671875 0.0419921875 0.0830078125
0 0.5791015625 0.8671875 0.0439453125 0.0810546875
0 0.63671875 0.8681640625 0.03515625 0.072265625
0 0.693359375 0.865234375 0.0419921875 0.080078125
0 0.7509765625 0.8662109375 0.0419921875 0.080078125
0 0.8076171875 0.865234375 0.0458984375 0.0830078125
0 0.8583984375 0.8662109375 0.0322265625 0.080078125
0 0.2392578125 0.669921875 0.0419921875 0.08203125
0 0.3017578125 0.6708984375 0.0458984375 0.0810546875
0 0.41015625 0.5458984375 0.044921875 0.0830078125
0 0.4677734375 0.548828125 0.0439453125 0.0830078125
0 0.5244140625 0.5478515625 0.04296875 0.0830078125
0 0.58203125 0.548828125 0.0439453125 0.0830078125
0 0.640625 0.5478515625 0.041015625 0.08203125
0 0.697265625 0.5498046875 0.0419921875 0.0830078125
0 0.755859375 0.548828125 0.0458984375 0.0830078125
0 0.8125 0.5478515625 0.044921875 0.08203125
0 0.2412109375 0.3505859375 0.0419921875 0.0849609375
0 0.302734375 0.3515625 0.041015625 0.0830078125
0 0.4111328125 0.2294921875 0.0458984375 0.0849609375
0 0.46875 0.228515625 0.044921875 0.0830078125
0 0.52734375 0.228515625 0.0419921875 0.0830078125
0 0.583984375 0.228515625 0.04296875 0.083984375
0 0.642578125 0.228515625 0.0439453125 0.0849609375
0 0.7001953125 0.2275390625 0.044921875 0.0830078125
0 0.7568359375 0.228515625 0.044921875 0.0849609375
0 0.8154296875 0.2275390625 0.0439453125 0.0859375
0 0.359375 0.669921875 0.0380859375 0.0693359375
0 0.3583984375 0.349609375 0.0419921875 0.07421875
0 0.3115234375 0.2421875 0.1328125 0.0908203125
0 0.3115234375 0.5595703125 0.134765625 0.095703125
0 0.30859375 0.8818359375 0.1416015625 0.0859375
0 0.71875 0.6708984375 0.169921875 0.1337890625
0 0.71875 0.34765625 0.1767578125 0.134765625
0 0.2353515625 0.97265625 0.046875 0.0537109375
0 0.298828125 0.97265625 0.04296875 0.0537109375
0 0.353515625 0.974609375 0.0390625 0.05078125
0 0.7109375 0.9599609375 0.1748046875 0.080078125
0 0.859375 0.55078125 0.0302734375 0.0830078125
0 0.8603515625 0.2294921875 0.029296875 0.083984375
