1 0.3300065634765625 0.4446590732421875 0.37220965234375 0.38339768359375 0.343902703125 0.363835134765625 0.3006702705078125 0.4230374521484375 0.3300065634765625 0.4446590732421875
1 0.3783857138671875 0.4837837841796875 0.421103474609375 0.4194335908203125 0.394340541015625 0.4009007724609375 0.350997296875 0.462676833984375 0.3783857138671875 0.4837837841796875
1 0.4288235517578125 0.5084942080078125 0.46845366796875 0.4585586875 0.43911698828125 0.4369370654296875 0.403120849609375 0.4922779921875 0.4288235517578125 0.5084942080078125
0 0.4833629345703125 0.425096525390625 0.533286486328125 0.36074633203125 0.4349837841796875 0.2866150576171875 0.3896073359375 0.35521235546875 0.4833629345703125 0.425096525390625
1 0.5405077216796875 0.446718146484375 0.585798841796875 0.38391235546875 0.5564625478515625 0.363835134765625 0.5112289580078125 0.425997296875 0.5405077216796875 0.446718146484375
1 0.587857529296875 0.4827540537109375 0.6352073359375 0.4184042470703125 0.60329768359375 0.397297296875 0.5585212353515625 0.45958803125 0.587857529296875 0.4827540537109375
1 0.6352235517578125 0.51879034765625 0.681544015625 0.4534104248046875 0.64911969140625 0.4297297294921875 0.6038930498046875 0.4948521240234375 0.6352235517578125 0.51879034765625
1 0.684117375 0.5522521240234375 0.730952509765625 0.4873872587890625 0.696984169921875 0.461647490234375 0.6511783779296875 0.5280567568359374 0.684117375 0.5522521240234375
1 0.7289100390625 0.583140154296875 0.774201158203125 0.5208494208984376 0.742291505859375 0.4981980693359375 0.6991312744140625 0.5630629345703125 0.7289100390625 0.583140154296875
1 0.777803861328125 0.6191764482421875 0.82206563671875 0.555855984375 0.790155984375 0.53474903515625 0.746750193359375 0.5965250966796874 0.777803861328125 0.6191764482421875
1 0.823625482421875 0.6526382236328125 0.86788764453125 0.589832818359375 0.8375216220703126 0.5697555986328126 0.793774517578125 0.6310166025390626 0.823625482421875 0.6526382236328125
0 0.755174130859375 0.7885455595703125 0.8323749033203125 0.6747749033203125 0.7001042470703125 0.5841698837890625 0.628564478515625 0.6922779921875 0.755174130859375 0.7885455595703125
