1 0.658203125 0.3896484375 0.044921875 0.0849609375
1 0.599609375 0.388671875 0.0458984375 0.0859375
1 0.41015625 0.265625 0.177734375 0.1357421875
1 0.224609375 0.2626953125 0.0361328125 0.0693359375
1 0.76953125 0.2705078125 0.037109375 0.072265625
1 0.8251953125 0.2705078125 0.046875 0.0849609375
1 0.88671875 0.2724609375 0.0458984375 0.087890625
1 0.71484375 0.390625 0.044921875 0.08203125
1 0.814453125 0.3798828125 0.13671875 0.091796875
1 0.54296875 0.388671875 0.0458984375 0.08203125
1 0.4853515625 0.388671875 0.04296875 0.0830078125
1 0.4287109375 0.3876953125 0.046875 0.0830078125
1 0.369140625 0.38671875 0.0498046875 0.0869140625
1 0.310546875 0.3837890625 0.046875 0.08203125
1 0.25390625 0.384765625 0.0458984375 0.08203125
1 0.197265625 0.3837890625 0.044921875 0.08203125
1 0.8232421875 0.5947265625 0.04296875 0.0830078125
1 0.8837890625 0.595703125 0.044921875 0.0830078125
1 0.712890625 0.7138671875 0.0439453125 0.0849609375
1 0.6552734375 0.7138671875 0.0439453125 0.0830078125
1 0.5966796875 0.71484375 0.0439453125 0.0869140625
1 0.5400390625 0.7119140625 0.0439453125 0.083984375
1 0.482421875 0.7119140625 0.0458984375 0.083984375
1 0.423828125 0.7099609375 0.041015625 0.0859375
1 0.3671875 0.7109375 0.0419921875 0.0810546875
1 0.3095703125 0.70703125 0.041015625 0.0849609375
1 0.2529296875 0.7060546875 0.0498046875 0.0830078125
1 0.1943359375 0.7041015625 0.044921875 0.0859375
1 0.2216796875 0.5849609375 0.0390625 0.07421875
1 0.7646484375 0.595703125 0.03515625 0.0712890625
1 0.8125 0.7001953125 0.130859375 0.0908203125
1 0.408203125 0.5908203125 0.1796875 0.13671875
0 0.1376953125 0.330078125 0.0458984375 0.0830078125
