1 0.0625 0.1748046875 0.08203125 0.046875
1 0.060546875 0.232421875 0.083984375 0.04296875
1 0.0615234375 0.291015625 0.08203125 0.048828125
1 0.060546875 0.34765625 0.08203125 0.0419921875
1 0.060546875 0.4052734375 0.087890625 0.046875
1 0.0595703125 0.4619140625 0.0810546875 0.0458984375
1 0.0595703125 0.5205078125 0.0830078125 0.046875
1 0.05859375 0.5771484375 0.0830078125 0.048828125
1 0.0595703125 0.6357421875 0.08203125 0.0478515625
1 0.0595703125 0.693359375 0.083984375 0.0498046875
1 0.072265625 0.7919921875 0.08984375 0.13671875
1 0.185546875 0.2001953125 0.0771484375 0.0361328125
1 0.181640625 0.3857421875 0.1376953125 0.1728515625
1 0.1796875 0.7451171875 0.0712890625 0.0400390625
1 0.1796875 0.802734375 0.08203125 0.048828125
1 0.177734375 0.85546875 0.0830078125 0.0390625
1 0.3828125 0.1796875 0.0849609375 0.0498046875
1 0.3837890625 0.23828125 0.0830078125 0.0498046875
1 0.3837890625 0.2958984375 0.0859375 0.048828125
1 0.384765625 0.353515625 0.08203125 0.0498046875
1 0.3818359375 0.41015625 0.0830078125 0.0458984375
1 0.3818359375 0.4677734375 0.08203125 0.048828125
1 0.3818359375 0.525390625 0.080078125 0.044921875
1 0.3798828125 0.5830078125 0.0869140625 0.0478515625
1 0.380859375 0.6416015625 0.08203125 0.0498046875
1 0.3798828125 0.6982421875 0.08203125 0.046875
1 0.39453125 0.7978515625 0.091796875 0.130859375
1 0.5078125 0.2109375 0.0693359375 0.04296875
1 0.50390625 0.3935546875 0.138671875 0.1767578125
1 0.5009765625 0.7529296875 0.0693359375 0.0400390625
1 0.5029296875 0.806640625 0.087890625 0.0478515625
1 0.5009765625 0.859375 0.0859375 0.03125
1 0.822265625 0.4111328125 0.134765625 0.1796875
1 0.7138671875 0.8134765625 0.087890625 0.123046875
1 0.8203125 0.771484375 0.0751953125 0.0390625
1 0.8271484375 0.2265625 0.072265625 0.0419921875
1 0.7041015625 0.19921875 0.083984375 0.05078125
1 0.703125 0.255859375 0.0888671875 0.0498046875
1 0.703125 0.3154296875 0.08203125 0.0498046875
1 0.7041015625 0.3720703125 0.0830078125 0.0478515625
1 0.7021484375 0.4287109375 0.083984375 0.046875
1 0.703125 0.48828125 0.0830078125 0.046875
1 0.7001953125 0.5458984375 0.083984375 0.046875
1 0.7021484375 0.603515625 0.0791015625 0.044921875
1 0.7021484375 0.66015625 0.0849609375 0.0478515625
1 0.7001953125 0.7177734375 0.0859375 0.0458984375
1 0.822265625 0.8271484375 0.0869140625 0.0498046875
