1 0.203125 0.158203125 0.048828125 0.0654296875
1 0.2607421875 0.1572265625 0.0458984375 0.064453125
1 0.318359375 0.15625 0.044921875 0.0634765625
1 0.3759765625 0.158203125 0.048828125 0.0654296875
1 0.43359375 0.15625 0.041015625 0.0634765625
1 0.490234375 0.1572265625 0.0390625 0.064453125
1 0.546875 0.16015625 0.0390625 0.0693359375
1 0.603515625 0.16015625 0.0458984375 0.0693359375
1 0.662109375 0.1572265625 0.0458984375 0.064453125
1 0.72265625 0.16015625 0.046875 0.0693359375
1 0.8232421875 0.15625 0.1357421875 0.0634765625
1 0.22265625 0.3505859375 0.0361328125 0.06640625
1 0.404296875 0.3525390625 0.18359375 0.1240234375
1 0.763671875 0.3564453125 0.0380859375 0.0693359375
1 0.822265625 0.353515625 0.048828125 0.0830078125
1 0.8837890625 0.353515625 0.05078125 0.083984375
1 0.193359375 0.47265625 0.046875 0.0869140625
1 0.251953125 0.4716796875 0.04296875 0.08984375
1 0.30859375 0.47265625 0.0439453125 0.091796875
1 0.3671875 0.4736328125 0.041015625 0.0859375
1 0.421875 0.47265625 0.0439453125 0.08203125
1 0.48046875 0.4755859375 0.0478515625 0.087890625
1 0.541015625 0.4755859375 0.0419921875 0.0830078125
1 0.59765625 0.4775390625 0.04296875 0.0888671875
1 0.6533203125 0.4736328125 0.04296875 0.0849609375
1 0.7119140625 0.4736328125 0.0419921875 0.0849609375
1 0.8095703125 0.4638671875 0.12890625 0.1005859375
1 0.21875 0.673828125 0.03515625 0.080078125
1 0.408203125 0.6767578125 0.1748046875 0.134765625
1 0.76171875 0.677734375 0.04296875 0.0732421875
1 0.8193359375 0.6767578125 0.044921875 0.0869140625
1 0.880859375 0.6767578125 0.046875 0.0859375
1 0.1923828125 0.79296875 0.0458984375 0.083984375
1 0.251953125 0.7919921875 0.04296875 0.0849609375
1 0.3076171875 0.7958984375 0.046875 0.0908203125
1 0.36328125 0.79296875 0.048828125 0.0859375
1 0.4228515625 0.794921875 0.0458984375 0.0869140625
1 0.4814453125 0.794921875 0.0439453125 0.0869140625
1 0.537109375 0.7978515625 0.046875 0.0888671875
1 0.59375 0.7978515625 0.046875 0.0849609375
1 0.6533203125 0.798828125 0.048828125 0.087890625
1 0.708984375 0.798828125 0.046875 0.0859375
1 0.8095703125 0.7841796875 0.1376953125 0.0966796875
