0 0.1865234375 0.2275390625 0.0439453125 0.08203125
0 0.2451171875 0.224609375 0.044921875 0.08203125
0 0.302734375 0.2265625 0.0439453125 0.083984375
0 0.359375 0.2255859375 0.04296875 0.083984375
0 0.4189453125 0.2265625 0.0419921875 0.08203125
0 0.4765625 0.2265625 0.0439453125 0.083984375
0 0.5341796875 0.2236328125 0.0419921875 0.08203125
0 0.5908203125 0.224609375 0.0419921875 0.0810546875
0 0.6484375 0.2236328125 0.04296875 0.083984375
0 0.7060546875 0.224609375 0.0458984375 0.0849609375
0 0.185546875 0.5458984375 0.044921875 0.08203125
0 0.2421875 0.5439453125 0.04296875 0.080078125
0 0.30078125 0.544921875 0.04296875 0.08203125
0 0.359375 0.5439453125 0.0439453125 0.0859375
0 0.41796875 0.5439453125 0.044921875 0.0810546875
0 0.474609375 0.544921875 0.0458984375 0.0849609375
0 0.53125 0.544921875 0.046875 0.083984375
0 0.5888671875 0.5439453125 0.04296875 0.0830078125
0 0.6474609375 0.54296875 0.04296875 0.083984375
0 0.705078125 0.5439453125 0.04296875 0.0849609375
0 0.8125 0.4189453125 0.0439453125 0.083984375
0 0.8740234375 0.4208984375 0.0458984375 0.0830078125
0 0.8076171875 0.7373046875 0.046875 0.0810546875
0 0.869140625 0.7392578125 0.046875 0.0849609375
0 0.8076171875 0.2080078125 0.134765625 0.09375
0 0.8056640625 0.5283203125 0.1396484375 0.091796875
0 0.3955078125 0.42578125 0.171875 0.1376953125
0 0.39453125 0.7431640625 0.173828125 0.1357421875
0 0.2109375 0.419921875 0.03125 0.0673828125
0 0.208984375 0.7431640625 0.044921875 0.0791015625
0 0.75390625 0.7421875 0.0400390625 0.078125
0 0.7548828125 0.421875 0.03515625 0.06640625
0 0.1826171875 0.849609375 0.048828125 0.0498046875
0 0.2412109375 0.8486328125 0.046875 0.0537109375
0 0.298828125 0.849609375 0.048828125 0.05078125
0 0.359375 0.84765625 0.052734375 0.0546875
0 0.4111328125 0.8486328125 0.04296875 0.0537109375
0 0.470703125 0.8466796875 0.044921875 0.0556640625
0 0.5283203125 0.8466796875 0.046875 0.0556640625
0 0.5859375 0.8466796875 0.046875 0.0556640625
0 0.6435546875 0.8466796875 0.0439453125 0.0576171875
0 0.705078125 0.8466796875 0.037109375 0.0556640625
0 0.798828125 0.8359375 0.1298828125 0.078125
