1 0.1640625 0.70703125 0.142578125 0.099609375
1 0.70703125 0.697265625 0.0517578125 0.08984375
1 0.7060546875 0.3466796875 0.05078125 0.08984375
1 0.58203125 0.345703125 0.05078125 0.087890625
1 0.2724609375 0.693359375 0.0537109375 0.0927734375
1 0.3349609375 0.693359375 0.052734375 0.091796875
1 0.599609375 0.16796875 0.1953125 0.0791015625
1 0.6455078125 0.697265625 0.052734375 0.0908203125
1 0.5224609375 0.6962890625 0.0537109375 0.091796875
1 0.521484375 0.3447265625 0.0517578125 0.0908203125
1 0.0908203125 0.8212890625 0.0537109375 0.091796875
1 0.8310546875 0.6962890625 0.05078125 0.08984375
1 0.64453125 0.3466796875 0.0517578125 0.08984375
1 0.583984375 0.6962890625 0.0517578125 0.08984375
1 0.767578125 0.3486328125 0.048828125 0.0869140625
1 0.4541015625 0.3447265625 0.0517578125 0.0908203125
1 0.3955078125 0.6962890625 0.05078125 0.0888671875
1 0.60546875 0.474609375 0.1904296875 0.15234375
1 0.45703125 0.6943359375 0.052734375 0.0908203125
1 0.76953125 0.6982421875 0.05078125 0.087890625
1 0.599609375 0.8134765625 0.1884765625 0.123046875
1 0.158203125 0.8232421875 0.0556640625 0.0927734375
1 0.80078125 0.826171875 0.046875 0.0791015625
1 0.830078125 0.3486328125 0.046875 0.0869140625
1 0.3935546875 0.34375 0.0498046875 0.0888671875
1 0.216796875 0.822265625 0.0439453125 0.078125
1 0.3330078125 0.3427734375 0.0517578125 0.08984375
1 0.1640625 0.3583984375 0.14453125 0.0966796875
1 0.2724609375 0.34375 0.046875 0.087890625
1 0.80078125 0.4814453125 0.04296875 0.0791015625
1 0.8037109375 0.1494140625 0.041015625 0.048828125
1 0.216796875 0.4716796875 0.0400390625 0.076171875
1 0.091796875 0.150390625 0.05078125 0.05078125
1 0.0888671875 0.4736328125 0.0498046875 0.08984375
1 0.1591796875 0.150390625 0.0458984375 0.05078125
1 0.21875 0.1455078125 0.0419921875 0.0419921875
1 0.1552734375 0.4755859375 0.05078125 0.0927734375
