0 0.2529296875 0.1533203125 0.044921875 0.056640625
0 0.8876953125 0.345703125 0.0498046875 0.08203125
0 0.6025390625 0.15625 0.0439453125 0.060546875
0 0.8193359375 0.1484375 0.13671875 0.046875
0 0.544921875 0.1533203125 0.0439453125 0.0576171875
0 0.88671875 0.666015625 0.046875 0.080078125
0 0.66015625 0.1552734375 0.04296875 0.060546875
0 0.2568359375 0.4609375 0.044921875 0.0791015625
0 0.7177734375 0.1552734375 0.044921875 0.060546875
0 0.4072265625 0.6611328125 0.171875 0.126953125
0 0.3115234375 0.1533203125 0.0458984375 0.0576171875
0 0.546875 0.46484375 0.0419921875 0.078125
0 0.6015625 0.46484375 0.046875 0.080078125
0 0.369140625 0.1533203125 0.0439453125 0.0576171875
0 0.541015625 0.7841796875 0.044921875 0.0810546875
0 0.4287109375 0.1533203125 0.0439453125 0.0576171875
0 0.3681640625 0.4638671875 0.0439453125 0.076171875
0 0.482421875 0.78515625 0.0439453125 0.0810546875
0 0.4296875 0.4638671875 0.046875 0.0791015625
0 0.8134765625 0.7734375 0.13671875 0.0859375
0 0.8251953125 0.6650390625 0.04296875 0.0791015625
0 0.1943359375 0.1533203125 0.0439453125 0.056640625
0 0.2236328125 0.3388671875 0.0400390625 0.0654296875
0 0.7138671875 0.7861328125 0.0400390625 0.080078125
0 0.7158203125 0.4638671875 0.041015625 0.0791015625
0 0.4873046875 0.154296875 0.044921875 0.05859375
0 0.416015625 0.33984375 0.1796875 0.1279296875
0 0.59765625 0.78515625 0.04296875 0.080078125
0 0.826171875 0.34375 0.0458984375 0.0810546875
0 0.3701171875 0.7841796875 0.0439453125 0.080078125
0 0.3134765625 0.4619140625 0.041015625 0.078125
0 0.4873046875 0.4638671875 0.0419921875 0.080078125
0 0.224609375 0.6630859375 0.0390625 0.0732421875
0 0.1982421875 0.458984375 0.046875 0.0791015625
0 0.82421875 0.453125 0.1435546875 0.0859375
0 0.658203125 0.7841796875 0.04296875 0.078125
0 0.4267578125 0.78515625 0.0439453125 0.08203125
0 0.658203125 0.46484375 0.0439453125 0.0830078125
0 0.7705078125 0.3447265625 0.0419921875 0.06640625
0 0.3125 0.783203125 0.0439453125 0.080078125
0 0.25390625 0.7841796875 0.0439453125 0.080078125
0 0.1962890625 0.783203125 0.0439453125 0.080078125
