1 0.0986328125 0.1787109375 0.0849609375 0.048828125
1 0.1015625 0.2353515625 0.0849609375 0.0458984375
1 0.0986328125 0.29296875 0.0849609375 0.0498046875
1 0.1005859375 0.3515625 0.0810546875 0.0498046875
1 0.0986328125 0.4091796875 0.0869140625 0.046875
1 0.0986328125 0.4677734375 0.0810546875 0.044921875
1 0.0986328125 0.5234375 0.0869140625 0.0439453125
1 0.0966796875 0.58203125 0.0849609375 0.0458984375
1 0.09765625 0.6396484375 0.0810546875 0.046875
1 0.21875 0.75 0.0830078125 0.0478515625
1 0.2177734375 0.810546875 0.0849609375 0.05078125
1 0.423828125 0.1748046875 0.0849609375 0.048828125
1 0.4228515625 0.2314453125 0.083984375 0.0439453125
1 0.423828125 0.2900390625 0.08203125 0.0478515625
1 0.423828125 0.3486328125 0.0859375 0.0478515625
1 0.423828125 0.404296875 0.0830078125 0.0439453125
1 0.4228515625 0.4619140625 0.0830078125 0.0439453125
1 0.421875 0.5205078125 0.083984375 0.05078125
1 0.423828125 0.578125 0.0810546875 0.046875
1 0.421875 0.6357421875 0.08203125 0.046875
1 0.54296875 0.744140625 0.0830078125 0.05078125
1 0.541015625 0.8046875 0.08203125 0.0458984375
1 0.748046875 0.1796875 0.0859375 0.048828125
1 0.7470703125 0.236328125 0.083984375 0.046875
1 0.74609375 0.2939453125 0.0849609375 0.048828125
1 0.748046875 0.3544921875 0.0849609375 0.0458984375
1 0.74609375 0.41015625 0.087890625 0.048828125
1 0.74609375 0.466796875 0.08984375 0.048828125
1 0.74609375 0.5263671875 0.087890625 0.044921875
1 0.74609375 0.5830078125 0.0888671875 0.046875
1 0.7451171875 0.642578125 0.0830078125 0.05078125
1 0.865234375 0.748046875 0.0888671875 0.05078125
1 0.8662109375 0.80859375 0.08984375 0.048828125
1 0.8671875 0.6923828125 0.068359375 0.044921875
1 0.541015625 0.689453125 0.0771484375 0.041015625
1 0.21875 0.69140625 0.078125 0.03515625
1 0.8671875 0.1484375 0.076171875 0.03515625
1 0.548828125 0.1455078125 0.080078125 0.0322265625
1 0.2275390625 0.1494140625 0.083984375 0.044921875
1 0.21875 0.333984375 0.138671875 0.16796875
1 0.1123046875 0.7373046875 0.0908203125 0.134765625
1 0.5439453125 0.3310546875 0.1328125 0.1796875
1 0.4345703125 0.7333984375 0.0908203125 0.134765625
1 0.8662109375 0.33203125 0.1376953125 0.1708984375
1 0.7607421875 0.7421875 0.0849609375 0.1357421875
