0 0.7578125 0.4091796875 0.0478515625 0.091796875
0 0.6953125 0.408203125 0.046875 0.0927734375
0 0.6337890625 0.4091796875 0.048828125 0.0888671875
0 0.509765625 0.408203125 0.0458984375 0.0888671875
0 0.384765625 0.408203125 0.0498046875 0.0908203125
0 0.759765625 0.7548828125 0.0478515625 0.0888671875
0 0.634765625 0.755859375 0.046875 0.087890625
0 0.697265625 0.755859375 0.0478515625 0.0869140625
0 0.38671875 0.7568359375 0.048828125 0.08984375
0 0.572265625 0.4072265625 0.05078125 0.091796875
0 0.2001953125 0.41015625 0.046875 0.08984375
0 0.447265625 0.755859375 0.046875 0.0908203125
0 0.8740234375 0.2763671875 0.0478515625 0.0908203125
0 0.447265625 0.41015625 0.046875 0.0888671875
0 0.8740234375 0.6240234375 0.0478515625 0.08984375
0 0.2626953125 0.7548828125 0.0498046875 0.0888671875
0 0.9384765625 0.6240234375 0.0478515625 0.087890625
0 0.9404296875 0.2783203125 0.048828125 0.08984375
0 0.201171875 0.7548828125 0.046875 0.0869140625
0 0.509765625 0.755859375 0.0458984375 0.087890625
0 0.5732421875 0.755859375 0.046875 0.087890625
0 0.2626953125 0.4091796875 0.0478515625 0.087890625
0 0.8125 0.625 0.0390625 0.080078125
0 0.8134765625 0.27734375 0.0390625 0.080078125
0 0.3251953125 0.75390625 0.0458984375 0.0908203125
0 0.2275390625 0.623046875 0.0380859375 0.07421875
0 0.4267578125 0.6279296875 0.181640625 0.15234375
0 0.8662109375 0.7431640625 0.1435546875 0.103515625
0 0.8642578125 0.3974609375 0.14453125 0.1015625
0 0.3232421875 0.408203125 0.048828125 0.0908203125
0 0.228515625 0.27734375 0.0390625 0.078125
0 0.4248046875 0.2802734375 0.1767578125 0.14453125
