1 0.853515625 0.130859375 0.0400390625 0.083984375
1 0.7978515625 0.12890625 0.0439453125 0.0830078125
1 0.7392578125 0.12890625 0.0458984375 0.0810546875
1 0.68359375 0.12890625 0.0458984375 0.083984375
1 0.625 0.126953125 0.0458984375 0.0849609375
1 0.568359375 0.126953125 0.044921875 0.08203125
1 0.509765625 0.1259765625 0.0458984375 0.0830078125
1 0.453125 0.125 0.0439453125 0.08203125
1 0.3955078125 0.1259765625 0.0439453125 0.0849609375
1 0.3388671875 0.125 0.0458984375 0.0830078125
1 0.8291015625 0.251953125 0.041015625 0.080078125
1 0.642578125 0.2490234375 0.1708984375 0.138671875
1 0.2841796875 0.2451171875 0.041015625 0.078125
1 0.2294921875 0.24609375 0.0439453125 0.0849609375
1 0.1669921875 0.2451171875 0.048828125 0.083984375
1 0.240234375 0.138671875 0.1318359375 0.0869140625
0 0.8525390625 0.44921875 0.044921875 0.08203125
0 0.794921875 0.4501953125 0.04296875 0.0830078125
0 0.736328125 0.4482421875 0.04296875 0.083984375
0 0.6796875 0.4482421875 0.04296875 0.08203125
0 0.6201171875 0.447265625 0.046875 0.0830078125
0 0.564453125 0.4482421875 0.046875 0.0830078125
0 0.505859375 0.4482421875 0.0458984375 0.080078125
0 0.447265625 0.4462890625 0.0439453125 0.08203125
0 0.3896484375 0.447265625 0.04296875 0.080078125
0 0.3330078125 0.447265625 0.0419921875 0.078125
0 0.82421875 0.572265625 0.041015625 0.0810546875
0 0.640625 0.5693359375 0.17578125 0.134765625
0 0.232421875 0.4609375 0.140625 0.09375
0 0.2822265625 0.56640625 0.041015625 0.0908203125
0 0.2255859375 0.568359375 0.041015625 0.0791015625
0 0.1630859375 0.5673828125 0.0419921875 0.078125
1 0.8388671875 0.775390625 0.044921875 0.0810546875
1 0.78125 0.7724609375 0.046875 0.0830078125
1 0.72265625 0.7734375 0.04296875 0.0849609375
1 0.6650390625 0.771484375 0.04296875 0.0810546875
1 0.6083984375 0.7705078125 0.0439453125 0.0771484375
1 0.5498046875 0.771484375 0.0439453125 0.0791015625
1 0.4921875 0.7685546875 0.044921875 0.08203125
1 0.435546875 0.7685546875 0.0419921875 0.080078125
1 0.376953125 0.767578125 0.0419921875 0.08203125
1 0.3193359375 0.765625 0.0439453125 0.08203125
1 0.2109375 0.884765625 0.0458984375 0.0830078125
1 0.1494140625 0.884765625 0.0419921875 0.083984375
1 0.2216796875 0.78125 0.134765625 0.0869140625
1 0.6240234375 0.8896484375 0.1748046875 0.12890625
1 0.8095703125 0.8974609375 0.046875 0.0791015625
1 0.2685546875 0.8828125 0.041015625 0.0791015625
