0 0.205078125 0.37109375 0.0478515625 0.0830078125
0 0.2646484375 0.3740234375 0.0419921875 0.08203125
0 0.3203125 0.3740234375 0.0439453125 0.08203125
0 0.37890625 0.3720703125 0.0439453125 0.083984375
0 0.4375 0.3740234375 0.0478515625 0.0859375
0 0.4951171875 0.3740234375 0.0458984375 0.080078125
0 0.552734375 0.375 0.0390625 0.080078125
0 0.6103515625 0.375 0.044921875 0.080078125
0 0.6669921875 0.3740234375 0.0419921875 0.08203125
0 0.7236328125 0.3740234375 0.046875 0.0849609375
0 0.41796875 0.25390625 0.1728515625 0.1376953125
0 0.7763671875 0.2529296875 0.041015625 0.072265625
0 0.8330078125 0.2529296875 0.04296875 0.0859375
0 0.8955078125 0.2529296875 0.044921875 0.0810546875
0 0.8232421875 0.3603515625 0.130859375 0.0927734375
0 0.234375 0.5751953125 0.0390625 0.078125
0 0.4208984375 0.5732421875 0.17578125 0.1337890625
0 0.828125 0.677734375 0.1357421875 0.091796875
0 0.779296875 0.5712890625 0.04296875 0.07421875
0 0.833984375 0.5712890625 0.046875 0.083984375
0 0.896484375 0.5712890625 0.0458984375 0.0859375
0 0.2099609375 0.6962890625 0.0458984375 0.083984375
0 0.2666015625 0.6953125 0.048828125 0.0859375
0 0.3251953125 0.6953125 0.0458984375 0.0830078125
0 0.3818359375 0.6953125 0.04296875 0.0830078125
0 0.439453125 0.6953125 0.0458984375 0.080078125
0 0.49609375 0.6943359375 0.04296875 0.0810546875
0 0.5517578125 0.6953125 0.0478515625 0.0849609375
0 0.6103515625 0.6923828125 0.044921875 0.0810546875
0 0.6689453125 0.6953125 0.044921875 0.0869140625
0 0.7275390625 0.693359375 0.041015625 0.083984375
