0 0.8623046875 0.220703125 0.0478515625 0.08203125
0 0.798828125 0.220703125 0.0478515625 0.0849609375
0 0.7421875 0.22265625 0.0439453125 0.0673828125
0 0.3857421875 0.2314453125 0.17578125 0.1328125
0 0.7939453125 0.328125 0.1376953125 0.0888671875
0 0.693359375 0.34375 0.046875 0.083984375
0 0.6357421875 0.34375 0.0439453125 0.08203125
0 0.5791015625 0.345703125 0.04296875 0.0830078125
0 0.5205078125 0.3466796875 0.0439453125 0.0791015625
0 0.462890625 0.34765625 0.0439453125 0.083984375
0 0.4052734375 0.349609375 0.0439453125 0.08203125
0 0.345703125 0.34765625 0.044921875 0.08203125
0 0.2890625 0.3486328125 0.04296875 0.080078125
0 0.2001953125 0.2294921875 0.0478515625 0.0771484375
0 0.2314453125 0.3515625 0.0439453125 0.08203125
0 0.1748046875 0.3525390625 0.04296875 0.0830078125
0 0.19921875 0.5537109375 0.0400390625 0.0791015625
0 0.1767578125 0.6728515625 0.0458984375 0.083984375
0 0.2333984375 0.673828125 0.0458984375 0.083984375
0 0.2919921875 0.6708984375 0.044921875 0.0830078125
0 0.3486328125 0.669921875 0.046875 0.08203125
0 0.408203125 0.669921875 0.0439453125 0.080078125
0 0.4638671875 0.66796875 0.04296875 0.0791015625
0 0.521484375 0.6669921875 0.0439453125 0.083984375
0 0.578125 0.666015625 0.0419921875 0.080078125
0 0.6376953125 0.666015625 0.04296875 0.0791015625
0 0.6943359375 0.6640625 0.04296875 0.08203125
0 0.3857421875 0.5478515625 0.1728515625 0.1298828125
0 0.74609375 0.541015625 0.041015625 0.0712890625
0 0.80078125 0.5390625 0.0458984375 0.0791015625
0 0.86328125 0.5400390625 0.044921875 0.083984375
0 0.7919921875 0.6474609375 0.1240234375 0.091796875
