1 0.849609375 0.40625 0.0908203125 0.0478515625
1 0.849609375 0.2802734375 0.095703125 0.0498046875
1 0.8486328125 0.34375 0.0947265625 0.052734375
1 0.8515625 0.220703125 0.0908203125 0.0478515625
1 0.505859375 0.21875 0.0869140625 0.046875
1 0.505859375 0.3427734375 0.0888671875 0.0458984375
1 0.5068359375 0.4052734375 0.0927734375 0.0478515625
1 0.158203125 0.22265625 0.087890625 0.048828125
1 0.158203125 0.4072265625 0.08984375 0.05078125
1 0.8505859375 0.15625 0.087890625 0.0478515625
1 0.720703125 0.3779296875 0.08203125 0.0400390625
1 0.5068359375 0.2802734375 0.08984375 0.048828125
1 0.5078125 0.15625 0.087890625 0.0458984375
1 0.373046875 0.3740234375 0.078125 0.03515625
1 0.158203125 0.3466796875 0.0908203125 0.046875
1 0.7197265625 0.19921875 0.1435546875 0.1474609375
1 0.3759765625 0.1982421875 0.1484375 0.146484375
1 0.1572265625 0.28515625 0.091796875 0.048828125
1 0.1572265625 0.1611328125 0.0869140625 0.0458984375
1 0.05029296875 0.19921875 0.1005859375 0.1484375
1 0.0341796875 0.37890625 0.068359375 0.0498046875
