0 0.830078125 0.390625 0.0888671875 0.18359375
0 0.84765625 0.75 0.0546875 0.0390625
0 0.8447265625 0.8076171875 0.0615234375 0.0419921875
0 0.845703125 0.8701171875 0.0595703125 0.0498046875
0 0.7275390625 0.1806640625 0.08203125 0.04296875
0 0.7275390625 0.2392578125 0.0771484375 0.0439453125
0 0.7294921875 0.2958984375 0.078125 0.0458984375
0 0.7275390625 0.3525390625 0.083984375 0.0439453125
0 0.7294921875 0.4111328125 0.08203125 0.0439453125
0 0.732421875 0.46875 0.0849609375 0.048828125
0 0.732421875 0.5283203125 0.0830078125 0.0478515625
0 0.7333984375 0.583984375 0.08203125 0.0458984375
0 0.7314453125 0.6435546875 0.08203125 0.041015625
0 0.7333984375 0.7001953125 0.083984375 0.0439453125
0 0.7490234375 0.8017578125 0.09375 0.1396484375
0 0.53125 0.3837890625 0.1337890625 0.173828125
0 0.4296875 0.7939453125 0.0908203125 0.1435546875
0 0.533203125 0.197265625 0.0693359375 0.0419921875
0 0.53515625 0.7431640625 0.072265625 0.04296875
0 0.537109375 0.8017578125 0.0849609375 0.044921875
0 0.5361328125 0.8623046875 0.0849609375 0.0478515625
0 0.4091796875 0.1748046875 0.08203125 0.04296875
0 0.41015625 0.2314453125 0.083984375 0.044921875
0 0.41015625 0.2880859375 0.080078125 0.0419921875
0 0.4111328125 0.34765625 0.0771484375 0.0458984375
0 0.4111328125 0.4052734375 0.080078125 0.04296875
0 0.412109375 0.4619140625 0.080078125 0.0439453125
0 0.4130859375 0.5185546875 0.080078125 0.04296875
0 0.4130859375 0.576171875 0.0810546875 0.0458984375
0 0.4130859375 0.6357421875 0.0810546875 0.04296875
0 0.4140625 0.6923828125 0.08203125 0.0419921875
0 0.2080078125 0.201171875 0.0771484375 0.041015625
0 0.2119140625 0.38671875 0.130859375 0.169921875
0 0.21484375 0.744140625 0.0703125 0.0400390625
0 0.2197265625 0.80078125 0.083984375 0.046875
0 0.2197265625 0.8603515625 0.0849609375 0.0498046875
0 0.845703125 0.20703125 0.0595703125 0.0458984375
