0 0.8798828125 0.783203125 0.08984375 0.046875
0 0.8798828125 0.7216796875 0.08984375 0.046875
0 0.880859375 0.66015625 0.0888671875 0.046875
0 0.1865234375 0.71875 0.0869140625 0.0458984375
0 0.533203125 0.78515625 0.08984375 0.048828125
0 0.8798828125 0.5986328125 0.08984375 0.048828125
0 0.1865234375 0.7802734375 0.087890625 0.0478515625
0 0.533203125 0.66015625 0.08984375 0.0478515625
0 0.1865234375 0.65625 0.0859375 0.046875
0 0.5322265625 0.72265625 0.08984375 0.0458984375
0 0.8818359375 0.2861328125 0.0703125 0.0283203125
0 0.185546875 0.595703125 0.087890625 0.048828125
0 0.8818359375 0.3515625 0.0888671875 0.048828125
0 0.53515625 0.4111328125 0.0869140625 0.0458984375
0 0.8818359375 0.412109375 0.08984375 0.0478515625
0 0.880859375 0.2255859375 0.0888671875 0.046875
0 0.53515625 0.474609375 0.0859375 0.048828125
0 0.1884765625 0.3486328125 0.0869140625 0.044921875
0 0.1884765625 0.28515625 0.087890625 0.0498046875
0 0.533203125 0.59765625 0.0849609375 0.0478515625
0 0.1865234375 0.533203125 0.087890625 0.0478515625
0 0.53515625 0.2861328125 0.087890625 0.0478515625
0 0.189453125 0.224609375 0.0869140625 0.044921875
0 0.8818359375 0.474609375 0.0888671875 0.0458984375
0 0.5361328125 0.2255859375 0.0869140625 0.0458984375
0 0.1875 0.408203125 0.0859375 0.0478515625
0 0.53515625 0.349609375 0.0888671875 0.046875
0 0.1875 0.47265625 0.0849609375 0.044921875
0 0.533203125 0.53515625 0.087890625 0.0478515625
0 0.400390625 0.755859375 0.0830078125 0.044921875
0 0.7490234375 0.7548828125 0.0791015625 0.044921875
0 0.0546875 0.7529296875 0.06640625 0.03125
0 0.8798828125 0.53515625 0.0908203125 0.0478515625
0 0.751953125 0.169921875 0.078125 0.0458984375
0 0.4072265625 0.1708984375 0.076171875 0.0458984375
0 0.0615234375 0.1708984375 0.0771484375 0.0439453125
0 0.7509765625 0.5556640625 0.142578125 0.1884765625
0 0.4013671875 0.5556640625 0.1513671875 0.189453125
0 0.0654296875 0.5537109375 0.130859375 0.1845703125
