1 0.673828125 0.078125 0.1318359375 0.08984375
1 0.6650390625 0.400390625 0.1318359375 0.0888671875
1 0.3974609375 0.408203125 0.044921875 0.08203125
1 0.740234375 0.2880859375 0.04296875 0.0849609375
1 0.681640625 0.6083984375 0.04296875 0.0849609375
1 0.7421875 0.611328125 0.0439453125 0.0859375
1 0.5673828125 0.4072265625 0.0458984375 0.08203125
1 0.3359375 0.404296875 0.0439453125 0.0830078125
1 0.2802734375 0.4052734375 0.0458984375 0.0849609375
1 0.623046875 0.2880859375 0.0390625 0.0732421875
1 0.4033203125 0.0859375 0.03515625 0.0732421875
1 0.228515625 0.0849609375 0.037109375 0.0712890625
1 0.5107421875 0.4072265625 0.044921875 0.083984375
1 0.6767578125 0.287109375 0.04296875 0.0859375
1 0.166015625 0.40234375 0.0439453125 0.0830078125
1 0.2216796875 0.4072265625 0.04296875 0.08203125
1 0.623046875 0.6123046875 0.0400390625 0.072265625
1 0.4599609375 0.08984375 0.0322265625 0.0712890625
1 0.341796875 0.0888671875 0.03515625 0.072265625
1 0.4541015625 0.40625 0.0439453125 0.0830078125
1 0.57421875 0.0908203125 0.0400390625 0.080078125
1 0.287109375 0.0888671875 0.033203125 0.0712890625
1 0.5712890625 0.7294921875 0.046875 0.0830078125
1 0.16796875 0.7275390625 0.0458984375 0.083984375
1 0.6708984375 0.716796875 0.1328125 0.08984375
1 0.1708984375 0.0859375 0.0361328125 0.0732421875
1 0.267578125 0.6103515625 0.171875 0.1396484375
1 0.5166015625 0.0908203125 0.0380859375 0.078125
1 0.51171875 0.73046875 0.0439453125 0.08203125
1 0.2265625 0.7275390625 0.0419921875 0.080078125
1 0.2646484375 0.2880859375 0.1708984375 0.140625
1 0.12890625 0.7265625 0.0078125 0.087890625
1 0.3388671875 0.7294921875 0.0419921875 0.0810546875
1 0.396484375 0.7275390625 0.04296875 0.0810546875
1 0.4560546875 0.7294921875 0.04296875 0.0810546875
1 0.12890625 0.083984375 0.0068359375 0.078125
1 0.267578125 0.017578125 0.1708984375 0.03515625
1 0.283203125 0.73046875 0.04296875 0.0810546875
