1 0.841796875 0.203125 0.0654296875 0.048828125
1 0.8427734375 0.2607421875 0.064453125 0.0458984375
1 0.84375 0.318359375 0.0634765625 0.044921875
1 0.841796875 0.3759765625 0.0654296875 0.048828125
1 0.84375 0.43359375 0.0634765625 0.041015625
1 0.8427734375 0.490234375 0.064453125 0.0390625
1 0.83984375 0.546875 0.0693359375 0.0390625
1 0.83984375 0.603515625 0.0693359375 0.0458984375
1 0.8427734375 0.662109375 0.064453125 0.0458984375
1 0.83984375 0.72265625 0.0693359375 0.046875
1 0.84375 0.8232421875 0.0634765625 0.1357421875
1 0.6494140625 0.22265625 0.06640625 0.0361328125
1 0.6474609375 0.404296875 0.1240234375 0.18359375
1 0.6435546875 0.763671875 0.0693359375 0.0380859375
1 0.646484375 0.822265625 0.0830078125 0.048828125
1 0.646484375 0.8837890625 0.083984375 0.05078125
1 0.52734375 0.193359375 0.0869140625 0.046875
1 0.5283203125 0.251953125 0.08984375 0.04296875
1 0.52734375 0.30859375 0.091796875 0.0439453125
1 0.5263671875 0.3671875 0.0859375 0.041015625
1 0.52734375 0.421875 0.08203125 0.0439453125
1 0.5244140625 0.48046875 0.087890625 0.0478515625
1 0.5244140625 0.541015625 0.0830078125 0.0419921875
1 0.5224609375 0.59765625 0.0888671875 0.04296875
1 0.5263671875 0.6533203125 0.0849609375 0.04296875
1 0.5263671875 0.7119140625 0.0849609375 0.0419921875
1 0.5361328125 0.8095703125 0.1005859375 0.12890625
1 0.326171875 0.21875 0.080078125 0.03515625
1 0.3232421875 0.408203125 0.134765625 0.1748046875
1 0.322265625 0.76171875 0.0732421875 0.04296875
1 0.3232421875 0.8193359375 0.0869140625 0.044921875
1 0.3232421875 0.880859375 0.0859375 0.046875
1 0.20703125 0.1923828125 0.083984375 0.0458984375
1 0.2080078125 0.251953125 0.0849609375 0.04296875
1 0.2041015625 0.3076171875 0.0908203125 0.046875
1 0.20703125 0.36328125 0.0859375 0.048828125
1 0.205078125 0.4228515625 0.0869140625 0.0458984375
1 0.205078125 0.4814453125 0.0869140625 0.0439453125
1 0.2021484375 0.537109375 0.0888671875 0.046875
1 0.2021484375 0.59375 0.0849609375 0.046875
1 0.201171875 0.6533203125 0.087890625 0.048828125
1 0.201171875 0.708984375 0.0859375 0.046875
1 0.2158203125 0.8095703125 0.0966796875 0.1376953125
