0 0.78515625 0.13671875 0.0478515625 0.0888671875
0 0.7236328125 0.134765625 0.048828125 0.08984375
0 0.66015625 0.1337890625 0.048828125 0.0888671875
0 0.7783203125 0.484375 0.048828125 0.08984375
0 0.7099609375 0.830078125 0.048828125 0.0869140625
0 0.8330078125 0.830078125 0.048828125 0.08984375
0 0.7177734375 0.482421875 0.05078125 0.0888671875
0 0.8408203125 0.486328125 0.048828125 0.0888671875
0 0.6474609375 0.8271484375 0.0458984375 0.0859375
0 0.5986328125 0.1328125 0.0498046875 0.0908203125
0 0.5244140625 0.82421875 0.0478515625 0.08984375
0 0.5380859375 0.1328125 0.0517578125 0.0908203125
0 0.3515625 0.1279296875 0.05078125 0.0908203125
0 0.8447265625 0.138671875 0.0517578125 0.09375
0 0.5849609375 0.826171875 0.046875 0.0908203125
0 0.46875 0.4765625 0.05078125 0.0888671875
0 0.4072265625 0.474609375 0.0498046875 0.0888671875
0 0.5302734375 0.478515625 0.048828125 0.087890625
0 0.3447265625 0.4736328125 0.0517578125 0.0869140625
0 0.337890625 0.8203125 0.0498046875 0.0888671875
0 0.2314453125 0.2587890625 0.048828125 0.08984375
0 0.7705078125 0.8310546875 0.046875 0.08984375
0 0.59375 0.4775390625 0.0478515625 0.0888671875
0 0.2255859375 0.6015625 0.0498046875 0.087890625
0 0.2197265625 0.9482421875 0.048828125 0.087890625
0 0.1650390625 0.2548828125 0.0537109375 0.0927734375
0 0.16015625 0.599609375 0.0478515625 0.08984375
0 0.15234375 0.9443359375 0.048828125 0.087890625
0 0.474609375 0.130859375 0.048828125 0.08984375
0 0.2890625 0.6015625 0.04296875 0.0810546875
0 0.4609375 0.822265625 0.0478515625 0.08984375
0 0.6552734375 0.4814453125 0.0478515625 0.08984375
0 0.3984375 0.822265625 0.0478515625 0.0869140625
0 0.29296875 0.2568359375 0.0458984375 0.0751953125
0 0.279296875 0.947265625 0.04296875 0.0771484375
0 0.677734375 0.263671875 0.19140625 0.1455078125
0 0.6748046875 0.61328125 0.1865234375 0.150390625
0 0.666015625 0.94189453125 0.19140625 0.1162109375
0 0.240234375 0.1396484375 0.1513671875 0.095703125
0 0.236328125 0.486328125 0.1494140625 0.09765625
0 0.23046875 0.8330078125 0.1474609375 0.09375
0 0.4130859375 0.12890625 0.048828125 0.08984375
