1 0.921875 0.673828125 0.08984375 0.1318359375
1 0.599609375 0.6650390625 0.0888671875 0.1318359375
1 0.591796875 0.3974609375 0.08203125 0.044921875
1 0.7119140625 0.740234375 0.0849609375 0.04296875
1 0.3916015625 0.681640625 0.0849609375 0.04296875
1 0.388671875 0.7421875 0.0859375 0.0439453125
1 0.5927734375 0.5673828125 0.08203125 0.0458984375
1 0.595703125 0.3359375 0.0830078125 0.0439453125
1 0.5947265625 0.2802734375 0.0849609375 0.0458984375
1 0.7119140625 0.623046875 0.0732421875 0.0390625
1 0.9140625 0.4033203125 0.0732421875 0.03515625
1 0.9150390625 0.228515625 0.0712890625 0.037109375
1 0.5927734375 0.5107421875 0.083984375 0.044921875
1 0.712890625 0.6767578125 0.0859375 0.04296875
1 0.59765625 0.166015625 0.0830078125 0.0439453125
1 0.5927734375 0.2216796875 0.08203125 0.04296875
1 0.3876953125 0.623046875 0.072265625 0.0400390625
1 0.91015625 0.4599609375 0.0712890625 0.0322265625
1 0.9111328125 0.341796875 0.072265625 0.03515625
1 0.59375 0.4541015625 0.0830078125 0.0439453125
1 0.9091796875 0.57421875 0.080078125 0.0400390625
1 0.9111328125 0.287109375 0.0712890625 0.033203125
1 0.2705078125 0.5712890625 0.0830078125 0.046875
1 0.2724609375 0.16796875 0.083984375 0.0458984375
1 0.283203125 0.6708984375 0.08984375 0.1328125
1 0.9140625 0.1708984375 0.0732421875 0.0361328125
1 0.3896484375 0.267578125 0.1396484375 0.171875
1 0.9091796875 0.5166015625 0.078125 0.0380859375
1 0.26953125 0.51171875 0.08203125 0.0439453125
1 0.2724609375 0.2265625 0.080078125 0.0419921875
1 0.7119140625 0.2646484375 0.140625 0.1708984375
1 0.2734375 0.12890625 0.087890625 0.0078125
1 0.2705078125 0.3388671875 0.0810546875 0.0419921875
1 0.2724609375 0.396484375 0.0810546875 0.04296875
1 0.2705078125 0.4560546875 0.0810546875 0.04296875
1 0.916015625 0.12890625 0.078125 0.0068359375
1 0.982421875 0.267578125 0.03515625 0.1708984375
1 0.26953125 0.283203125 0.0810546875 0.04296875
