0 0.400390625 0.8115234375 0.0869140625 0.1318359375
0 0.5185546875 0.400390625 0.1298828125 0.1708984375
1 0.51171875 0.7646484375 0.078125 0.0400390625
1 0.5283203125 0.216796875 0.0703125 0.04296875
1 0.5146484375 0.8232421875 0.0859375 0.0458984375
1 0.5126953125 0.884765625 0.0849609375 0.048828125
1 0.40234375 0.185546875 0.0830078125 0.044921875
1 0.40234375 0.2451171875 0.0849609375 0.044921875
1 0.400390625 0.3017578125 0.0810546875 0.04296875
1 0.400390625 0.3603515625 0.0830078125 0.0390625
1 0.3994140625 0.41796875 0.083984375 0.044921875
1 0.3984375 0.4775390625 0.0830078125 0.046875
1 0.396484375 0.53515625 0.08203125 0.04296875
1 0.39453125 0.59375 0.0830078125 0.044921875
1 0.392578125 0.6533203125 0.083984375 0.0419921875
1 0.3935546875 0.708984375 0.0849609375 0.0439453125
