1 0.2607421875 0.173828125 0.08203125 0.044921875
1 0.259765625 0.2294921875 0.0810546875 0.04296875
1 0.259765625 0.2880859375 0.0810546875 0.0458984375
1 0.2587890625 0.345703125 0.0810546875 0.044921875
1 0.2578125 0.4033203125 0.0849609375 0.0458984375
1 0.2587890625 0.4599609375 0.0810546875 0.044921875
1 0.2578125 0.51953125 0.0830078125 0.044921875
1 0.2568359375 0.5751953125 0.08203125 0.044921875
1 0.2568359375 0.6337890625 0.0830078125 0.0458984375
1 0.255859375 0.6904296875 0.0830078125 0.046875
1 0.3779296875 0.7978515625 0.083984375 0.0458984375
1 0.376953125 0.8564453125 0.083984375 0.037109375
1 0.3828125 0.2001953125 0.0810546875 0.04296875
1 0.37890625 0.7431640625 0.0830078125 0.046875
1 0.26953125 0.7890625 0.0966796875 0.1259765625
1 0.37890625 0.380859375 0.130859375 0.17578125
