1 0.29296875 0.1640625 0.099609375 0.142578125
1 0.302734375 0.70703125 0.08984375 0.0517578125
1 0.6533203125 0.7060546875 0.08984375 0.05078125
1 0.654296875 0.58203125 0.087890625 0.05078125
1 0.306640625 0.2724609375 0.0927734375 0.0537109375
1 0.306640625 0.3349609375 0.091796875 0.052734375
1 0.83203125 0.599609375 0.0791015625 0.1953125
1 0.302734375 0.6455078125 0.0908203125 0.052734375
1 0.3037109375 0.5224609375 0.091796875 0.0537109375
1 0.6552734375 0.521484375 0.0908203125 0.0517578125
1 0.1787109375 0.0908203125 0.091796875 0.0537109375
1 0.3037109375 0.8310546875 0.08984375 0.05078125
1 0.6533203125 0.64453125 0.08984375 0.0517578125
1 0.3037109375 0.583984375 0.08984375 0.0517578125
1 0.6513671875 0.767578125 0.0869140625 0.048828125
1 0.6552734375 0.4541015625 0.0908203125 0.0517578125
1 0.3037109375 0.3955078125 0.0888671875 0.05078125
1 0.525390625 0.60546875 0.15234375 0.1904296875
1 0.3056640625 0.45703125 0.0908203125 0.052734375
1 0.3017578125 0.76953125 0.087890625 0.05078125
1 0.1865234375 0.599609375 0.123046875 0.1884765625
1 0.1767578125 0.158203125 0.0927734375 0.0556640625
1 0.173828125 0.80078125 0.0791015625 0.046875
1 0.6513671875 0.830078125 0.0869140625 0.046875
1 0.65625 0.3935546875 0.0888671875 0.0498046875
1 0.177734375 0.216796875 0.078125 0.0439453125
1 0.6572265625 0.3330078125 0.08984375 0.0517578125
1 0.6416015625 0.1640625 0.0966796875 0.14453125
1 0.65625 0.2724609375 0.087890625 0.046875
1 0.5185546875 0.80078125 0.0791015625 0.04296875
1 0.8505859375 0.8037109375 0.048828125 0.041015625
1 0.5283203125 0.216796875 0.076171875 0.0400390625
1 0.849609375 0.091796875 0.05078125 0.05078125
1 0.5263671875 0.0888671875 0.08984375 0.0498046875
1 0.849609375 0.1591796875 0.05078125 0.0458984375
1 0.8544921875 0.21875 0.0419921875 0.0419921875
1 0.5244140625 0.1552734375 0.0927734375 0.05078125
