0 0.263671875 0.7666015625 0.0908203125 0.0498046875
0 0.2626953125 0.7041015625 0.087890625 0.0458984375
0 0.2626953125 0.6474609375 0.0673828125 0.037109375
0 0.142578125 0.5966796875 0.0849609375 0.0419921875
0 0.142578125 0.5380859375 0.083984375 0.046875
0 0.142578125 0.4814453125 0.0859375 0.044921875
0 0.1416015625 0.4248046875 0.0849609375 0.0478515625
0 0.142578125 0.3662109375 0.083984375 0.0439453125
0 0.1416015625 0.30859375 0.0830078125 0.0458984375
0 0.1416015625 0.2529296875 0.083984375 0.044921875
0 0.1416015625 0.1943359375 0.08203125 0.0458984375
0 0.1416015625 0.1435546875 0.0869140625 0.037109375
0 0.154296875 0.6962890625 0.083984375 0.1357421875
0 0.2607421875 0.287109375 0.1337890625 0.1689453125
0 0.5830078125 0.7685546875 0.08203125 0.0478515625
0 0.583984375 0.70703125 0.0849609375 0.044921875
0 0.580078125 0.6484375 0.0634765625 0.03125
0 0.4755859375 0.697265625 0.09375 0.142578125
0 0.4609375 0.5966796875 0.0810546875 0.0458984375
0 0.4609375 0.5400390625 0.08203125 0.0478515625
0 0.4619140625 0.4248046875 0.0810546875 0.046875
0 0.4619140625 0.3681640625 0.0859375 0.041015625
0 0.4619140625 0.2529296875 0.083984375 0.044921875
0 0.4619140625 0.30859375 0.0849609375 0.0458984375
0 0.4609375 0.1962890625 0.0859375 0.0419921875
0 0.4638671875 0.142578125 0.083984375 0.03515625
0 0.580078125 0.2880859375 0.140625 0.177734375
0 0.9013671875 0.7734375 0.0859375 0.0478515625
0 0.90234375 0.7119140625 0.08203125 0.044921875
0 0.900390625 0.6513671875 0.06640625 0.033203125
0 0.7802734375 0.603515625 0.0830078125 0.04296875
0 0.78125 0.544921875 0.08203125 0.0458984375
0 0.78125 0.48828125 0.0869140625 0.0458984375
0 0.78125 0.4296875 0.0830078125 0.0458984375
0 0.779296875 0.373046875 0.087890625 0.0458984375
0 0.7802734375 0.31640625 0.0869140625 0.046875
0 0.779296875 0.2587890625 0.0830078125 0.046875
0 0.779296875 0.2021484375 0.08203125 0.0419921875
0 0.7783203125 0.1474609375 0.083984375 0.0439453125
0 0.90234375 0.2939453125 0.1328125 0.1669921875
0 0.4599609375 0.4833984375 0.0830078125 0.0419921875
