0 0.8154296875 0.517578125 0.037109375 0.083984375
0 0.84375 0.3857421875 0.0380859375 0.0830078125
0 0.78125 0.384765625 0.04296875 0.078125
0 0.720703125 0.3828125 0.037109375 0.080078125
0 0.6591796875 0.384765625 0.0458984375 0.083984375
0 0.537109375 0.3828125 0.0458984375 0.083984375
0 0.4130859375 0.3828125 0.0439453125 0.0830078125
0 0.287109375 0.380859375 0.0458984375 0.0830078125
0 0.59765625 0.3837890625 0.046875 0.0830078125
0 0.1708984375 0.5126953125 0.0458984375 0.0830078125
0 0.10546875 0.51171875 0.044921875 0.083984375
0 0.34765625 0.3818359375 0.0478515625 0.08203125
0 0.4736328125 0.3837890625 0.0390625 0.083984375
0 0.2294921875 0.509765625 0.0341796875 0.0791015625
0 0.615234375 0.5126953125 0.177734375 0.1474609375
0 0.1787109375 0.396484375 0.1416015625 0.1005859375
