0 0.37109375 0.794921875 0.0830078125 0.0478515625
0 0.3740234375 0.7353515625 0.08203125 0.0419921875
0 0.3740234375 0.6796875 0.08203125 0.0439453125
0 0.3720703125 0.62109375 0.083984375 0.0439453125
0 0.3740234375 0.5625 0.0859375 0.0478515625
0 0.3740234375 0.5048828125 0.080078125 0.0458984375
0 0.375 0.447265625 0.080078125 0.0390625
0 0.375 0.3896484375 0.080078125 0.044921875
0 0.3740234375 0.3330078125 0.08203125 0.0419921875
0 0.3740234375 0.2763671875 0.0849609375 0.046875
0 0.25390625 0.58203125 0.1376953125 0.1728515625
0 0.2529296875 0.2236328125 0.072265625 0.041015625
0 0.2529296875 0.1669921875 0.0859375 0.04296875
0 0.2529296875 0.1044921875 0.0810546875 0.044921875
0 0.3603515625 0.1767578125 0.0927734375 0.130859375
0 0.5751953125 0.765625 0.078125 0.0390625
0 0.5732421875 0.5791015625 0.1337890625 0.17578125
0 0.677734375 0.171875 0.091796875 0.1357421875
0 0.5712890625 0.220703125 0.07421875 0.04296875
0 0.5712890625 0.166015625 0.083984375 0.046875
0 0.5712890625 0.103515625 0.0859375 0.0458984375
0 0.6962890625 0.7900390625 0.083984375 0.0458984375
0 0.6953125 0.7333984375 0.0859375 0.048828125
0 0.6953125 0.6748046875 0.0830078125 0.0458984375
0 0.6953125 0.6181640625 0.0830078125 0.04296875
0 0.6953125 0.560546875 0.080078125 0.0458984375
0 0.6943359375 0.50390625 0.0810546875 0.04296875
0 0.6953125 0.4482421875 0.0849609375 0.0478515625
0 0.6923828125 0.3896484375 0.0810546875 0.044921875
0 0.6953125 0.3310546875 0.0869140625 0.044921875
0 0.693359375 0.2724609375 0.083984375 0.041015625
