1 0.734375 0.1484375 0.0703125 0.0400390625
1 0.8564453125 0.203125 0.0830078125 0.0517578125
1 0.85546875 0.2607421875 0.087890625 0.0498046875
1 0.8525390625 0.3203125 0.083984375 0.048828125
1 0.8515625 0.376953125 0.083984375 0.05078125
1 0.8515625 0.435546875 0.0859375 0.052734375
1 0.849609375 0.494140625 0.083984375 0.052734375
1 0.8486328125 0.552734375 0.0869140625 0.048828125
1 0.84765625 0.609375 0.083984375 0.0498046875
1 0.845703125 0.6669921875 0.0869140625 0.0498046875
1 0.8447265625 0.7255859375 0.0869140625 0.0458984375
0 0.732421875 0.51171875 0.1357421875 0.1708984375
