0 0.7763671875 0.1357421875 0.04296875 0.0791015625
0 0.71484375 0.134765625 0.04296875 0.0810546875
0 0.6083984375 0.2548828125 0.041015625 0.0791015625
0 0.55078125 0.2548828125 0.0400390625 0.0810546875
0 0.490234375 0.255859375 0.0419921875 0.0791015625
0 0.4345703125 0.2568359375 0.0400390625 0.078125
0 0.3759765625 0.2568359375 0.0419921875 0.0791015625
0 0.3203125 0.2578125 0.0419921875 0.08203125
0 0.2626953125 0.2578125 0.0419921875 0.0791015625
0 0.205078125 0.2568359375 0.0439453125 0.0810546875
0 0.1474609375 0.2578125 0.044921875 0.080078125
0 0.7744140625 0.455078125 0.041015625 0.0771484375
0 0.71484375 0.4541015625 0.041015625 0.080078125
0 0.6044921875 0.576171875 0.0419921875 0.0791015625
0 0.546875 0.5771484375 0.0419921875 0.0791015625
0 0.4912109375 0.576171875 0.0419921875 0.0810546875
0 0.4326171875 0.576171875 0.0419921875 0.0791015625
0 0.3740234375 0.576171875 0.0439453125 0.0810546875
0 0.3173828125 0.576171875 0.0419921875 0.0810546875
0 0.2587890625 0.5751953125 0.0419921875 0.0791015625
0 0.2021484375 0.5751953125 0.0419921875 0.0810546875
0 0.146484375 0.5751953125 0.041015625 0.08203125
0 0.7080078125 0.2431640625 0.130859375 0.091796875
0 0.658203125 0.1376953125 0.0419921875 0.072265625
0 0.2998046875 0.1376953125 0.1630859375 0.1328125
0 0.296875 0.4560546875 0.16796875 0.134765625
0 0.65625 0.4541015625 0.041015625 0.0771484375
0 0.705078125 0.5625 0.1357421875 0.08984375
0 0.7724609375 0.7724609375 0.0439453125 0.080078125
0 0.708984375 0.7734375 0.041015625 0.0830078125
0 0.6015625 0.89453125 0.0419921875 0.080078125
0 0.5458984375 0.89453125 0.0419921875 0.08203125
0 0.4873046875 0.89453125 0.04296875 0.0810546875
0 0.4296875 0.89453125 0.041015625 0.080078125
0 0.3720703125 0.8955078125 0.04296875 0.0830078125
0 0.314453125 0.896484375 0.0419921875 0.0830078125
0 0.2578125 0.896484375 0.041015625 0.0810546875
0 0.201171875 0.8955078125 0.0439453125 0.080078125
0 0.1455078125 0.8955078125 0.0400390625 0.0810546875
0 0.6533203125 0.77734375 0.046875 0.0712890625
0 0.7021484375 0.8837890625 0.12890625 0.0927734375
0 0.2958984375 0.7783203125 0.1689453125 0.1298828125
