1 0.1865234375 0.3056640625 0.041015625 0.07421875
1 0.369140625 0.3095703125 0.1708984375 0.1318359375
1 0.16015625 0.4296875 0.04296875 0.0830078125
1 0.2177734375 0.4287109375 0.0400390625 0.080078125
1 0.275390625 0.4287109375 0.046875 0.0810546875
1 0.3330078125 0.4287109375 0.046875 0.08203125
1 0.390625 0.427734375 0.0439453125 0.0830078125
1 0.44921875 0.427734375 0.044921875 0.08203125
1 0.5068359375 0.4287109375 0.0419921875 0.08203125
1 0.5654296875 0.427734375 0.0439453125 0.08203125
1 0.623046875 0.4287109375 0.0458984375 0.0830078125
1 0.6796875 0.4287109375 0.041015625 0.0810546875
1 0.787109375 0.3056640625 0.044921875 0.083984375
1 0.8486328125 0.3056640625 0.0439453125 0.08203125
1 0.7783203125 0.4140625 0.1376953125 0.0947265625
1 0.73046875 0.30859375 0.0361328125 0.0712890625
1 0.1845703125 0.6240234375 0.03515625 0.07421875
1 0.369140625 0.626953125 0.1708984375 0.130859375
1 0.7265625 0.6279296875 0.0380859375 0.072265625
1 0.158203125 0.74609375 0.044921875 0.0830078125
1 0.2138671875 0.7470703125 0.044921875 0.0830078125
1 0.2734375 0.7470703125 0.04296875 0.083984375
1 0.330078125 0.7470703125 0.04296875 0.083984375
1 0.3876953125 0.748046875 0.0439453125 0.080078125
1 0.4443359375 0.7470703125 0.0478515625 0.080078125
1 0.5029296875 0.7470703125 0.046875 0.080078125
1 0.560546875 0.748046875 0.044921875 0.08203125
1 0.6181640625 0.74609375 0.0439453125 0.08203125
1 0.67578125 0.748046875 0.0458984375 0.0830078125
1 0.7841796875 0.626953125 0.0439453125 0.087890625
1 0.845703125 0.625 0.044921875 0.0869140625
1 0.7734375 0.7333984375 0.1298828125 0.0966796875
