0 0.6376953125 0.2978515625 0.0869140625 0.0458984375
0 0.6376953125 0.3603515625 0.0869140625 0.0478515625
0 0.638671875 0.2353515625 0.0869140625 0.0478515625
0 0.638671875 0.421875 0.087890625 0.044921875
0 0.6376953125 0.173828125 0.08984375 0.0478515625
0 0.63671875 0.111328125 0.091796875 0.048828125
0 0.638671875 0.5458984375 0.0908203125 0.0478515625
0 0.638671875 0.6083984375 0.0859375 0.046875
0 0.638671875 0.4833984375 0.087890625 0.046875
0 0.638671875 0.6708984375 0.087890625 0.046875
0 0.2900390625 0.423828125 0.091796875 0.046875
0 0.2890625 0.2998046875 0.08984375 0.0478515625
0 0.2890625 0.17578125 0.0888671875 0.046875
0 0.291015625 0.5478515625 0.08984375 0.048828125
0 0.2919921875 0.6103515625 0.087890625 0.048828125
0 0.2919921875 0.6728515625 0.0888671875 0.0478515625
0 0.2900390625 0.3623046875 0.0888671875 0.046875
0 0.2880859375 0.1142578125 0.091796875 0.0498046875
0 0.291015625 0.486328125 0.08984375 0.046875
0 0.2890625 0.23828125 0.091796875 0.048828125
0 0.76953125 0.7841796875 0.0869140625 0.0478515625
0 0.767578125 0.8505859375 0.087890625 0.046875
0 0.4248046875 0.7880859375 0.08984375 0.0478515625
0 0.4248046875 0.8544921875 0.08984375 0.0498046875
0 0.7685546875 0.1396484375 0.0810546875 0.0390625
0 0.767578125 0.3388671875 0.1455078125 0.181640625
0 0.7666015625 0.72265625 0.08203125 0.041015625
0 0.654296875 0.7783203125 0.1015625 0.1474609375
0 0.4208984375 0.142578125 0.087890625 0.041015625
0 0.421875 0.33984375 0.150390625 0.185546875
0 0.4208984375 0.728515625 0.0869140625 0.04296875
0 0.3095703125 0.779296875 0.1015625 0.1455078125
