1 0.9140625 0.2978515625 0.0419921875 0.080078125
1 0.8564453125 0.2978515625 0.0400390625 0.080078125
1 0.798828125 0.298828125 0.041015625 0.0810546875
1 0.7412109375 0.2978515625 0.046875 0.0791015625
1 0.68359375 0.298828125 0.044921875 0.0810546875
1 0.626953125 0.298828125 0.0419921875 0.078125
1 0.962890625 0.1767578125 0.0361328125 0.0712890625
1 0.568359375 0.2998046875 0.04296875 0.07421875
1 0.5107421875 0.30078125 0.04296875 0.0830078125
1 0.453125 0.30078125 0.0419921875 0.080078125
1 0.3955078125 0.2998046875 0.0478515625 0.080078125
1 0.9677734375 0.4970703125 0.0341796875 0.07421875
1 0.6083984375 0.4990234375 0.1650390625 0.1357421875
1 0.42578125 0.5 0.03515625 0.068359375
1 0.3984375 0.623046875 0.04296875 0.08203125
1 0.45703125 0.623046875 0.041015625 0.080078125
1 0.515625 0.62109375 0.041015625 0.0791015625
1 0.572265625 0.619140625 0.041015625 0.0791015625
1 0.630859375 0.62109375 0.0400390625 0.078125
1 0.6884765625 0.6201171875 0.0400390625 0.078125
1 0.7451171875 0.619140625 0.0390625 0.0791015625
1 0.802734375 0.6181640625 0.037109375 0.076171875
1 0.861328125 0.6181640625 0.0439453125 0.0791015625
1 0.9169921875 0.6171875 0.0390625 0.078125
1 0.4296875 0.8203125 0.0322265625 0.0693359375
1 0.6142578125 0.814453125 0.1689453125 0.1201171875
1 0.9697265625 0.818359375 0.0341796875 0.0703125
1 0.419921875 0.1787109375 0.0322265625 0.0712890625
