0 0.4384765625 0.5498046875 0.169921875 0.1328125
0 0.853515625 0.6572265625 0.134765625 0.0859375
1 0.796875 0.544921875 0.0419921875 0.07421875
1 0.248046875 0.55078125 0.0458984375 0.0732421875
1 0.2236328125 0.671875 0.048828125 0.087890625
1 0.2802734375 0.6708984375 0.0517578125 0.0869140625
1 0.3408203125 0.6708984375 0.0458984375 0.08203125
1 0.396484375 0.669921875 0.0458984375 0.0859375
1 0.455078125 0.6708984375 0.044921875 0.0888671875
1 0.5146484375 0.6689453125 0.04296875 0.0830078125
1 0.572265625 0.669921875 0.044921875 0.0849609375
1 0.62890625 0.66796875 0.0458984375 0.08203125
1 0.6875 0.66796875 0.0498046875 0.0888671875
1 0.744140625 0.66796875 0.046875 0.0859375
