1 0.3828125 0.9560546875 0.0869140625 0.046875
1 0.3837890625 0.8935546875 0.087890625 0.0478515625
1 0.2578125 0.787109375 0.0849609375 0.0478515625
1 0.2587890625 0.73046875 0.08203125 0.0498046875
1 0.2587890625 0.6748046875 0.0849609375 0.048828125
1 0.2607421875 0.615234375 0.0908203125 0.048828125
1 0.2578125 0.5576171875 0.083984375 0.048828125
1 0.2578125 0.4990234375 0.0810546875 0.046875
1 0.259765625 0.44140625 0.0830078125 0.044921875
1 0.2568359375 0.384765625 0.0830078125 0.0458984375
1 0.2578125 0.326171875 0.0849609375 0.044921875
1 0.2578125 0.267578125 0.083984375 0.046875
1 0.2724609375 0.88671875 0.1005859375 0.1357421875
1 0.3798828125 0.83984375 0.0751953125 0.0400390625
1 0.376953125 0.48046875 0.1376953125 0.1728515625
1 0.3818359375 0.294921875 0.07421875 0.0400390625
