0 0.259765625 0.4873046875 0.1376953125 0.1689453125
1 0.3876953125 0.1787109375 0.087890625 0.044921875
1 0.38671875 0.236328125 0.087890625 0.0458984375
1 0.3857421875 0.2958984375 0.087890625 0.0458984375
1 0.3779296875 0.646484375 0.087890625 0.0439453125
1 0.3837890625 0.3544921875 0.0859375 0.044921875
1 0.3828125 0.4697265625 0.0859375 0.046875
1 0.37890625 0.5869140625 0.0849609375 0.0439453125
1 0.2685546875 0.1318359375 0.068359375 0.0146484375
1 0.3828125 0.4150390625 0.0869140625 0.0458984375
1 0.376953125 0.703125 0.0849609375 0.0439453125
1 0.380859375 0.5283203125 0.083984375 0.05078125
1 0.2509765625 0.669921875 0.0732421875 0.0390625
