0 0.86328125 0.78515625 0.0888671875 0.0478515625
0 0.865234375 0.7236328125 0.08984375 0.048828125
0 0.8662109375 0.66015625 0.0888671875 0.048828125
0 0.515625 0.7783203125 0.08984375 0.048828125
0 0.169921875 0.7099609375 0.0869140625 0.048828125
0 0.169921875 0.8330078125 0.08984375 0.048828125
0 0.517578125 0.7177734375 0.0888671875 0.05078125
0 0.513671875 0.8408203125 0.0888671875 0.048828125
0 0.1728515625 0.6474609375 0.0859375 0.0458984375
0 0.8671875 0.5986328125 0.0908203125 0.0498046875
0 0.17578125 0.5244140625 0.08984375 0.0478515625
0 0.8671875 0.5380859375 0.0908203125 0.0517578125
0 0.8720703125 0.3515625 0.0908203125 0.05078125
0 0.861328125 0.8447265625 0.09375 0.0517578125
0 0.173828125 0.5849609375 0.0908203125 0.046875
0 0.5234375 0.46875 0.0888671875 0.05078125
0 0.525390625 0.4072265625 0.0888671875 0.0498046875
0 0.521484375 0.5302734375 0.087890625 0.048828125
0 0.5263671875 0.3447265625 0.0869140625 0.0517578125
0 0.1796875 0.337890625 0.0888671875 0.0498046875
0 0.7412109375 0.2314453125 0.08984375 0.048828125
0 0.1689453125 0.7705078125 0.08984375 0.046875
0 0.5224609375 0.59375 0.0888671875 0.0478515625
0 0.3984375 0.2255859375 0.087890625 0.0498046875
0 0.0517578125 0.2197265625 0.087890625 0.048828125
0 0.7451171875 0.1650390625 0.0927734375 0.0537109375
0 0.400390625 0.16015625 0.08984375 0.0478515625
0 0.0556640625 0.15234375 0.087890625 0.048828125
0 0.869140625 0.474609375 0.08984375 0.048828125
0 0.3984375 0.2890625 0.0810546875 0.04296875
0 0.177734375 0.4609375 0.08984375 0.0478515625
0 0.5185546875 0.6552734375 0.08984375 0.0478515625
0 0.177734375 0.3984375 0.0869140625 0.0478515625
0 0.7431640625 0.29296875 0.0751953125 0.0458984375
0 0.052734375 0.279296875 0.0771484375 0.04296875
0 0.736328125 0.677734375 0.1455078125 0.19140625
0 0.38671875 0.6748046875 0.150390625 0.1865234375
0 0.05810546875 0.666015625 0.1162109375 0.19140625
0 0.8603515625 0.240234375 0.095703125 0.1513671875
0 0.513671875 0.236328125 0.09765625 0.1494140625
0 0.1669921875 0.23046875 0.09375 0.1474609375
0 0.87109375 0.4130859375 0.08984375 0.048828125
