1 0.6552734375 0.23828125 0.091796875 0.1376953125
1 0.33984375 0.23046875 0.09375 0.1376953125
1 0.21875 0.8212890625 0.0693359375 0.0361328125
1 0.23046875 0.2763671875 0.0703125 0.0380859375
1 0.345703125 0.501953125 0.080078125 0.04296875
1 0.3447265625 0.6171875 0.0771484375 0.04296875
1 0.6650390625 0.6845703125 0.076171875 0.0419921875
1 0.669921875 0.392578125 0.080078125 0.041015625
1 0.544921875 0.642578125 0.1328125 0.1787109375
1 0.6669921875 0.564453125 0.0791015625 0.04296875
1 0.341796875 0.794921875 0.078125 0.044921875
1 0.2294921875 0.2216796875 0.08203125 0.044921875
1 0.66796875 0.5078125 0.0810546875 0.0419921875
1 0.34375 0.6806640625 0.0771484375 0.04296875
1 0.3447265625 0.560546875 0.080078125 0.0419921875
1 0.3466796875 0.4462890625 0.0810546875 0.04296875
1 0.8525390625 0.830078125 0.0458984375 0.033203125
1 0.3427734375 0.7333984375 0.078125 0.0439453125
1 0.22265625 0.6376953125 0.1328125 0.177734375
1 0.2314453125 0.16015625 0.083984375 0.044921875
1 0.666015625 0.6220703125 0.0771484375 0.04296875
1 0.669921875 0.3359375 0.0830078125 0.0419921875
1 0.6611328125 0.798828125 0.080078125 0.0439453125
1 0.349609375 0.3310546875 0.0830078125 0.0419921875
1 0.833984375 0.646484375 0.0751953125 0.171875
1 0.349609375 0.3876953125 0.0830078125 0.044921875
1 0.6689453125 0.4521484375 0.0810546875 0.0439453125
1 0.6630859375 0.73828125 0.080078125 0.041015625
1 0.541015625 0.8271484375 0.0703125 0.037109375
1 0.3408203125 0.84765625 0.078125 0.04296875
1 0.548828125 0.1640625 0.0810546875 0.0458984375
1 0.548828125 0.228515625 0.080078125 0.044921875
1 0.66015625 0.853515625 0.078125 0.041015625
1 0.853515625 0.23046875 0.0400390625 0.041015625
0 0.2900390625 0.9072265625 0.083984375 0.044921875
1 0.857421875 0.2880859375 0.03515625 0.0380859375
1 0.5498046875 0.283203125 0.0693359375 0.0390625
0 0.609375 0.9111328125 0.08203125 0.04296875
1 0.853515625 0.16796875 0.0419921875 0.0419921875
0 0.65625 0.236328125 0.0869140625 0.046875
