0 0.2978515625 0.3623046875 0.0458984375 0.0869140625
0 0.3603515625 0.3623046875 0.0478515625 0.0869140625
0 0.2353515625 0.361328125 0.0478515625 0.0869140625
0 0.421875 0.361328125 0.044921875 0.087890625
0 0.173828125 0.3623046875 0.0478515625 0.08984375
0 0.111328125 0.36328125 0.048828125 0.091796875
0 0.5458984375 0.361328125 0.0478515625 0.0908203125
0 0.6083984375 0.361328125 0.046875 0.0859375
0 0.4833984375 0.361328125 0.046875 0.087890625
0 0.6708984375 0.361328125 0.046875 0.087890625
0 0.423828125 0.7099609375 0.046875 0.091796875
0 0.2998046875 0.7109375 0.0478515625 0.08984375
0 0.17578125 0.7109375 0.046875 0.0888671875
0 0.5478515625 0.708984375 0.048828125 0.08984375
0 0.6103515625 0.7080078125 0.048828125 0.087890625
0 0.6728515625 0.7080078125 0.0478515625 0.0888671875
0 0.3623046875 0.7099609375 0.046875 0.0888671875
0 0.1142578125 0.7119140625 0.0498046875 0.091796875
0 0.486328125 0.708984375 0.046875 0.08984375
0 0.23828125 0.7109375 0.048828125 0.091796875
0 0.7841796875 0.23046875 0.0478515625 0.0869140625
0 0.8505859375 0.232421875 0.046875 0.087890625
0 0.7880859375 0.5751953125 0.0478515625 0.08984375
0 0.8544921875 0.5751953125 0.0498046875 0.08984375
0 0.1396484375 0.2314453125 0.0390625 0.0810546875
0 0.3388671875 0.232421875 0.181640625 0.1455078125
0 0.72265625 0.2333984375 0.041015625 0.08203125
0 0.7783203125 0.345703125 0.1474609375 0.1015625
0 0.142578125 0.5791015625 0.041015625 0.087890625
0 0.33984375 0.578125 0.185546875 0.150390625
0 0.728515625 0.5791015625 0.04296875 0.0869140625
0 0.779296875 0.6904296875 0.1455078125 0.1015625
