0 0.09765625 0.701171875 0.048828125 0.091796875
0 0.16015625 0.7021484375 0.0458984375 0.0927734375
0 0.220703125 0.701171875 0.0498046875 0.0888671875
0 0.283203125 0.7041015625 0.0478515625 0.0927734375
0 0.3447265625 0.7041015625 0.0478515625 0.0888671875
0 0.654296875 0.7041015625 0.0498046875 0.091796875
0 0.59375 0.703125 0.0478515625 0.087890625
0 0.4697265625 0.703125 0.0478515625 0.0927734375
0 0.5302734375 0.705078125 0.0478515625 0.0927734375
0 0.4072265625 0.7041015625 0.0478515625 0.087890625
0 0.7724609375 0.57421875 0.044921875 0.0869140625
0 0.8359375 0.5751953125 0.05078125 0.08984375
0 0.1259765625 0.572265625 0.0400390625 0.08203125
0 0.7119140625 0.5751953125 0.0458984375 0.0830078125
0 0.326171875 0.5732421875 0.185546875 0.14453125
0 0.7646484375 0.689453125 0.142578125 0.103515625
