0 0.2841796875 0.4990234375 0.046875 0.091796875
0 0.3447265625 0.5009765625 0.046875 0.0908203125
0 0.40625 0.5009765625 0.0478515625 0.087890625
0 0.4697265625 0.50390625 0.046875 0.087890625
0 0.779296875 0.5107421875 0.0478515625 0.0888671875
0 0.7177734375 0.509765625 0.0458984375 0.0888671875
0 0.1640625 0.6279296875 0.0458984375 0.0869140625
0 0.83984375 0.5107421875 0.0478515625 0.0869140625
0 0.0986328125 0.626953125 0.044921875 0.0888671875
0 0.59375 0.5068359375 0.046875 0.087890625
0 0.72265625 0.1650390625 0.0458984375 0.080078125
0 0.1044921875 0.28125 0.0498046875 0.08984375
0 0.4130859375 0.162109375 0.0478515625 0.0751953125
0 0.6611328125 0.1650390625 0.0458984375 0.0791015625
0 0.4755859375 0.1630859375 0.0517578125 0.0751953125
0 0.845703125 0.1669921875 0.046875 0.083984375
0 0.599609375 0.1640625 0.048828125 0.078125
0 0.2890625 0.162109375 0.046875 0.0751953125
0 0.5380859375 0.1630859375 0.0478515625 0.0771484375
0 0.78515625 0.166015625 0.048828125 0.0830078125
0 0.53125 0.5048828125 0.0498046875 0.087890625
0 0.3515625 0.162109375 0.05078125 0.0732421875
0 0.3994140625 0.8408203125 0.0478515625 0.068359375
0 0.1708984375 0.2841796875 0.0478515625 0.0859375
0 0.275390625 0.837890625 0.048828125 0.07421875
0 0.337890625 0.8388671875 0.0458984375 0.072265625
0 0.771484375 0.84375 0.0458984375 0.0615234375
0 0.708984375 0.84375 0.046875 0.0615234375
0 0.4619140625 0.83984375 0.048828125 0.0703125
0 0.5244140625 0.841796875 0.044921875 0.06640625
0 0.6552734375 0.5078125 0.048828125 0.0888671875
0 0.2265625 0.6279296875 0.0380859375 0.0751953125
0 0.8330078125 0.8447265625 0.046875 0.0595703125
0 0.5859375 0.841796875 0.0458984375 0.0654296875
0 0.23046875 0.283203125 0.037109375 0.078125
0 0.6494140625 0.8427734375 0.0478515625 0.064453125
0 0.8154296875 0.2958984375 0.0361328125 0.0771484375
0 0.6171875 0.2890625 0.18359375 0.1435546875
0 0.6123046875 0.63671875 0.1748046875 0.1455078125
0 0.810546875 0.64453125 0.0361328125 0.0791015625
0 0.1806640625 0.169921875 0.146484375 0.0888671875
0 0.1767578125 0.5107421875 0.142578125 0.1015625
0 0.1689453125 0.8388671875 0.1435546875 0.072265625
