0 0.455078125 0.8125 0.0869140625 0.0458984375
0 0.4560546875 0.74609375 0.087890625 0.044921875
0 0.32421875 0.6298828125 0.0908203125 0.0458984375
0 0.337890625 0.736328125 0.1015625 0.1396484375
0 0.3251953125 0.5048828125 0.087890625 0.0478515625
0 0.3251953125 0.5673828125 0.091796875 0.044921875
0 0.3232421875 0.443359375 0.087890625 0.0458984375
0 0.32421875 0.318359375 0.087890625 0.044921875
0 0.6708984375 0.5048828125 0.0888671875 0.0458984375
0 0.6708984375 0.62890625 0.0888671875 0.046875
0 0.802734375 0.7451171875 0.087890625 0.0498046875
0 0.3251953125 0.197265625 0.0859375 0.048828125
0 0.80078125 0.8125 0.091796875 0.046875
0 0.32421875 0.0732421875 0.087890625 0.048828125
0 0.3232421875 0.3798828125 0.087890625 0.046875
0 0.326171875 0.1328125 0.087890625 0.046875
0 0.671875 0.2568359375 0.087890625 0.0458984375
0 0.3232421875 0.2568359375 0.0859375 0.0458984375
0 0.6708984375 0.5673828125 0.08984375 0.048828125
0 0.671875 0.0732421875 0.0888671875 0.0478515625
0 0.6728515625 0.1953125 0.0869140625 0.0478515625
0 0.671875 0.1337890625 0.0888671875 0.046875
0 0.671875 0.4423828125 0.0927734375 0.048828125
0 0.6728515625 0.380859375 0.0888671875 0.046875
0 0.453125 0.6826171875 0.080078125 0.0390625
0 0.8017578125 0.6826171875 0.078125 0.04296875
0 0.138671875 0.8134765625 0.02734375 0.0419921875
0 0.671875 0.3193359375 0.087890625 0.046875
0 0.1396484375 0.7470703125 0.02734375 0.04296875
0 0.458984375 0.09765625 0.076171875 0.041015625
0 0.455078125 0.298828125 0.1455078125 0.1767578125
0 0.802734375 0.1005859375 0.080078125 0.0458984375
0 0.7998046875 0.2939453125 0.1455078125 0.18359375
0 0.6865234375 0.736328125 0.10546875 0.138671875
