0 0.177734375 0.8603515625 0.0498046875 0.0908203125
0 0.2392578125 0.861328125 0.05078125 0.08984375
0 0.2998046875 0.8623046875 0.0458984375 0.0888671875
0 0.3623046875 0.8623046875 0.0458984375 0.087890625
0 0.302734375 0.1689453125 0.0478515625 0.0869140625
0 0.30078125 0.515625 0.046875 0.0859375
0 0.4248046875 0.861328125 0.046875 0.08984375
0 0.2431640625 0.1689453125 0.0478515625 0.0908203125
0 0.23828125 0.5166015625 0.0458984375 0.0908203125
0 0.4248046875 0.5166015625 0.0478515625 0.087890625
0 0.1767578125 0.5146484375 0.046875 0.091796875
0 0.3642578125 0.169921875 0.046875 0.0869140625
0 0.1796875 0.169921875 0.0458984375 0.087890625
0 0.3623046875 0.515625 0.0458984375 0.08984375
0 0.486328125 0.517578125 0.046875 0.0869140625
0 0.4892578125 0.1708984375 0.0498046875 0.08984375
0 0.603515625 0.38671875 0.046875 0.087890625
0 0.486328125 0.86328125 0.048828125 0.087890625
0 0.60546875 0.04296875 0.0458984375 0.0859375
0 0.427734375 0.169921875 0.046875 0.08984375
0 0.6708984375 0.38671875 0.0478515625 0.0859375
0 0.669921875 0.7314453125 0.0498046875 0.0908203125
0 0.6728515625 0.0439453125 0.048828125 0.0869140625
0 0.6025390625 0.732421875 0.0478515625 0.091796875
0 0.541015625 0.3876953125 0.0390625 0.0771484375
0 0.1328125 0.1689453125 0.0146484375 0.0810546875
0 0.5419921875 0.732421875 0.04296875 0.0810546875
0 0.54296875 0.041015625 0.04296875 0.078125
0 0.59375 0.1572265625 0.142578125 0.095703125
0 0.5908203125 0.5048828125 0.1484375 0.091796875
0 0.595703125 0.8505859375 0.142578125 0.09375
0 0.185546875 0.732421875 0.12109375 0.142578125
0 0.1845703125 0.3857421875 0.1201171875 0.1455078125
0 0.1865234375 0.056640625 0.1240234375 0.1123046875
