1 0.240234375 0.841796875 0.091796875 0.06640625
1 0.2548828125 0.78125 0.095703125 0.0693359375
1 0.263671875 0.724609375 0.0771484375 0.044921875
0 0.146484375 0.7548828125 0.111328125 0.146484375
1 0.1533203125 0.646484375 0.087890625 0.060546875
1 0.166015625 0.5927734375 0.0966796875 0.072265625
1 0.17578125 0.533203125 0.0888671875 0.060546875
1 0.1884765625 0.4775390625 0.091796875 0.0595703125
1 0.2001953125 0.4189453125 0.0849609375 0.0615234375
1 0.2109375 0.3623046875 0.08984375 0.0615234375
1 0.224609375 0.3056640625 0.0908203125 0.0576171875
1 0.236328125 0.2470703125 0.08984375 0.0595703125
1 0.2470703125 0.193359375 0.0908203125 0.0595703125
0 0.3349609375 0.3671875 0.158203125 0.1875
1 0.373046875 0.1845703125 0.080078125 0.0419921875
