1 0.5751953125 0.1884765625 0.072265625 0.0400390625
1 0.4521484375 0.1640625 0.0849609375 0.0439453125
1 0.4521484375 0.2216796875 0.083984375 0.0419921875
1 0.4521484375 0.27734375 0.083984375 0.041015625
1 0.453125 0.3359375 0.0869140625 0.044921875
1 0.4541015625 0.3955078125 0.083984375 0.044921875
1 0.455078125 0.4521484375 0.0830078125 0.0439453125
1 0.455078125 0.51171875 0.08203125 0.0478515625
1 0.455078125 0.5673828125 0.0830078125 0.0458984375
1 0.4560546875 0.6259765625 0.083984375 0.0458984375
1 0.455078125 0.6826171875 0.0859375 0.041015625
1 0.5791015625 0.734375 0.06640625 0.0322265625
1 0.578125 0.7890625 0.08984375 0.044921875
1 0.580078125 0.8505859375 0.0849609375 0.044921875
1 0.4736328125 0.7822265625 0.087890625 0.1337890625
1 0.576171875 0.3759765625 0.1337890625 0.1787109375
