0 0.1328125 0.171875 0.08984375 0.052734375
0 0.1298828125 0.232421875 0.087890625 0.048828125
0 0.12890625 0.294921875 0.0908203125 0.0517578125
0 0.2626953125 0.21875 0.1474609375 0.181640625
0 0.6083984375 0.224609375 0.1494140625 0.19921875
0 0.939453125 0.236328125 0.12109375 0.19140625
0 0.4775390625 0.2421875 0.087890625 0.0517578125
0 0.8251953125 0.19140625 0.087890625 0.048828125
0 0.48046875 0.1796875 0.087890625 0.0478515625
0 0.4755859375 0.3037109375 0.0888671875 0.0478515625
0 0.126953125 0.3564453125 0.087890625 0.0478515625
0 0.82421875 0.25390625 0.0869140625 0.0478515625
0 0.1220703125 0.54296875 0.08984375 0.05078125
0 0.8193359375 0.376953125 0.08984375 0.0478515625
0 0.4677734375 0.5517578125 0.08984375 0.0498046875
0 0.4716796875 0.4267578125 0.08984375 0.048828125
0 0.818359375 0.439453125 0.0869140625 0.048828125
0 0.814453125 0.5634765625 0.0859375 0.048828125
0 0.125 0.48046875 0.0908203125 0.05078125
0 0.2509765625 0.6640625 0.091796875 0.052734375
0 0.939453125 0.68359375 0.0888671875 0.0498046875
0 0.826171875 0.138671875 0.0888671875 0.02734375
0 0.248046875 0.7294921875 0.091796875 0.0498046875
0 0.5947265625 0.671875 0.08984375 0.0498046875
0 0.9375 0.748046875 0.091796875 0.0498046875
0 0.5927734375 0.7392578125 0.0859375 0.048828125
0 0.478515625 0.6591796875 0.099609375 0.1494140625
0 0.1328125 0.6533203125 0.0986328125 0.1484375
0 0.1259765625 0.41796875 0.0888671875 0.0478515625
0 0.8271484375 0.6728515625 0.1103515625 0.154296875
0 0.474609375 0.3662109375 0.0888671875 0.0478515625
0 0.81640625 0.5009765625 0.087890625 0.046875
0 0.94140625 0.62109375 0.0849609375 0.0517578125
0 0.2529296875 0.6025390625 0.0810546875 0.0458984375
0 0.470703125 0.490234375 0.08984375 0.048828125
0 0.595703125 0.6103515625 0.0830078125 0.052734375
0 0.822265625 0.3154296875 0.0888671875 0.0478515625
